0 FxTrack LCover2.dat
0 FILE LCover2.dat
0 Name: LCover2.dat
0 Author: Fx Bricks
0 !LDRAW_ORG Unofficial_Part
0 !LICENSE Redistributable under CCAL version 4.0 BY-NC-SA
0 // Copyright 2020 Fx Bricks Inc.
0 BFC CERTIFY CCW
3 16 -144.875 -4 235.75 -146.875 -4 235.75 -146.875 -2 235.75 
3 16 -144.875 -4 235.75 -146.875 -2 235.75 -144.875 -2 235.75 
3 16 -146.875 0 224.25 -146.875 -4 224.25 -146.875 -2 226.25 
3 16 -146.875 -4 224.25 -146.875 -4 226.25 -146.875 -2 226.25 
3 16 -146.875 -2 226.25 -146.875 -2 235.75 -146.875 0 224.25 
3 16 -146.875 -2 235.75 -146.875 0 247.25 -146.875 0 224.25 
3 16 -146.875 -4 235.75 -146.875 -4 247.25 -146.875 -2 235.75 
3 16 -146.875 -2 235.75 -146.875 -4 247.25 -146.875 0 247.25 
3 16 -26.875 -2 235.75 -28.875 -2 235.75 -26.875 -2 226.25 
3 16 -28.875 -2 235.75 -58.875 -2 226.25 -26.875 -2 226.25 
3 16 -58.875 -2 226.25 -68.125 -2 224.25 -58.875 -2 224.25 
3 16 -28.875 -2 245.25 -52.625 -2 245.25 -28.875 -2 235.75 
3 16 -28.875 -2 235.75 -52.625 -2 245.25 -58.875 -2 226.25 
3 16 -52.625 -2 245.25 -68.125 -2 243.25 -58.875 -2 226.25 
3 16 -70.125 -2 226.25 -85.0347 -2 228.9375 -85.3724 -2 228.4974 
3 16 -85.3724 -2 228.4974 -85.8125 -2 228.1597 -70.125 -2 226.25 
3 16 -70.125 -2 226.25 -84.8224 -2 229.45 -85.0347 -2 228.9375 
3 16 -70.125 -2 226.25 -84.75 -2 230 -84.8224 -2 229.45 
3 16 -70.125 -2 226.25 -84.8224 -2 230.55 -84.75 -2 230 
3 16 -70.125 -2 243.25 -85.0347 -2 231.0625 -70.125 -2 226.25 
3 16 -70.125 -2 226.25 -85.0347 -2 231.0625 -84.8224 -2 230.55 
3 16 -69.1224 -2 248.4974 -69.5625 -2 248.1597 -68.125 -2 243.25 
3 16 -68.125 -2 243.25 -68.7847 -2 248.9375 -69.1224 -2 248.4974 
3 16 -68.125 -2 243.25 -70.075 -2 247.9474 -70.125 -2 243.25 
3 16 -69.5625 -2 248.1597 -70.075 -2 247.9474 -68.125 -2 243.25 
3 16 -52.625 -2 245.25 -68.5724 -2 249.45 -68.125 -2 243.25 
3 16 -68.125 -2 243.25 -68.5724 -2 249.45 -68.7847 -2 248.9375 
3 16 -70.075 -2 247.9474 -70.625 -2 247.875 -70.125 -2 243.25 
3 16 -52.625 -2 253.75 -68.5 -2 250 -52.625 -2 245.25 
3 16 -52.625 -2 245.25 -68.5 -2 250 -68.5724 -2 249.45 
3 16 -70.625 -2 247.875 -71.175 -2 247.9474 -70.125 -2 243.25 
3 16 -52.625 -2 253.75 -68.5724 -2 250.55 -68.5 -2 250 
3 16 -71.175 -2 247.9474 -71.6875 -2 248.1597 -70.125 -2 243.25 
3 16 -52.625 -2 253.75 -68.7847 -2 251.0625 -68.5724 -2 250.55 
3 16 -52.625 -2 253.75 -69.1224 -2 251.5026 -68.7847 -2 251.0625 
3 16 -71.6875 -2 248.1597 -72.1276 -2 248.4974 -70.125 -2 243.25 
3 16 -52.625 -2 253.75 -69.5625 -2 251.8403 -69.1224 -2 251.5026 
3 16 -86.325 -2 232.0526 -85.875 -2 235.75 -86.875 -2 232.125 
3 16 -85.8125 -2 231.8403 -85.875 -2 235.75 -86.325 -2 232.0526 
3 16 -85.3724 -2 231.5026 -85.875 -2 235.75 -85.8125 -2 231.8403 
3 16 -85.0347 -2 231.0625 -85.875 -2 235.75 -85.3724 -2 231.5026 
3 16 -70.125 -2 243.25 -85.875 -2 235.75 -85.0347 -2 231.0625 
3 16 -72.4653 -2 248.9375 -85.875 -2 235.75 -72.1276 -2 248.4974 
3 16 -72.1276 -2 248.4974 -85.875 -2 235.75 -70.125 -2 243.25 
3 16 -52.625 -2 253.75 -70.075 -2 252.0526 -69.5625 -2 251.8403 
3 16 -52.625 -2 253.75 -70.625 -2 252.125 -70.075 -2 252.0526 
3 16 -88.3776 -2 231.5026 -87.875 -2 235.75 -88.7153 -2 231.0625 
3 16 -87.9375 -2 231.8403 -87.875 -2 235.75 -88.3776 -2 231.5026 
3 16 -87.425 -2 232.0526 -87.875 -2 235.75 -87.9375 -2 231.8403 
3 16 -86.875 -2 232.125 -87.875 -2 235.75 -87.425 -2 232.0526 
3 16 -85.875 -2 235.75 -87.875 -2 235.75 -86.875 -2 232.125 
3 16 -88.9276 -2 230.55 -103.625 -2 226.25 -89 -2 230 
3 16 -88.7153 -2 231.0625 -103.625 -2 226.25 -88.9276 -2 230.55 
3 16 -88.3776 -2 228.4974 -103.625 -2 226.25 -87.9375 -2 228.1597 
3 16 -88.7153 -2 228.9375 -103.625 -2 226.25 -88.3776 -2 228.4974 
3 16 -88.9276 -2 229.45 -103.625 -2 226.25 -88.7153 -2 228.9375 
3 16 -89 -2 230 -103.625 -2 226.25 -88.9276 -2 229.45 
3 16 -72.4653 -2 248.9375 -85.875 -2 253.75 -85.875 -2 235.75 
3 16 -72.6776 -2 250.55 -85.875 -2 253.75 -72.75 -2 250 
3 16 -72.4653 -2 251.0625 -85.875 -2 253.75 -72.6776 -2 250.55 
3 16 -72.1276 -2 251.5026 -85.875 -2 253.75 -72.4653 -2 251.0625 
3 16 -71.6875 -2 251.8403 -85.875 -2 253.75 -72.1276 -2 251.5026 
3 16 -71.175 -2 252.0526 -85.875 -2 253.75 -71.6875 -2 251.8403 
3 16 -70.625 -2 252.125 -85.875 -2 253.75 -71.175 -2 252.0526 
3 16 -72.6776 -2 249.45 -85.875 -2 253.75 -72.4653 -2 248.9375 
3 16 -72.75 -2 250 -85.875 -2 253.75 -72.6776 -2 249.45 
3 16 -105.625 -2 224.25 -114.875 -2 226.25 -114.875 -2 224.25 
3 16 -87.875 -2 235.75 -103.625 -2 243.25 -88.7153 -2 231.0625 
3 16 -88.7153 -2 231.0625 -103.625 -2 243.25 -103.625 -2 226.25 
3 16 -87.875 -2 235.75 -101.6224 -2 248.4974 -103.625 -2 243.25 
3 16 -101.6224 -2 248.4974 -102.0625 -2 248.1597 -103.625 -2 243.25 
3 16 -87.875 -2 253.75 -101.2847 -2 248.9375 -87.875 -2 235.75 
3 16 -87.875 -2 235.75 -101.2847 -2 248.9375 -101.6224 -2 248.4974 
3 16 -102.0625 -2 248.1597 -102.575 -2 247.9474 -103.625 -2 243.25 
3 16 -87.875 -2 253.75 -101.0724 -2 249.45 -101.2847 -2 248.9375 
3 16 -102.575 -2 247.9474 -103.125 -2 247.875 -103.625 -2 243.25 
3 16 -87.875 -2 253.75 -101 -2 250 -101.0724 -2 249.45 
3 16 -103.625 -2 243.25 -103.675 -2 247.9474 -105.625 -2 243.25 
3 16 -103.125 -2 247.875 -103.675 -2 247.9474 -103.625 -2 243.25 
3 16 -87.875 -2 253.75 -101.0724 -2 250.55 -101 -2 250 
3 16 -103.675 -2 247.9474 -104.1875 -2 248.1597 -105.625 -2 243.25 
3 16 -87.875 -2 253.75 -101.2847 -2 251.0625 -101.0724 -2 250.55 
3 16 -104.1875 -2 248.1597 -104.6276 -2 248.4974 -105.625 -2 243.25 
3 16 -87.875 -2 253.75 -101.6224 -2 251.5026 -101.2847 -2 251.0625 
3 16 -104.6276 -2 248.4974 -104.9653 -2 248.9375 -105.625 -2 243.25 
3 16 -87.875 -2 253.75 -102.0625 -2 251.8403 -101.6224 -2 251.5026 
3 16 -104.9653 -2 248.9375 -105.1776 -2 249.45 -105.625 -2 243.25 
3 16 -87.875 -2 253.75 -102.575 -2 252.0526 -102.0625 -2 251.8403 
3 16 -87.875 -2 253.75 -103.125 -2 252.125 -102.575 -2 252.0526 
3 16 -105.625 -2 243.25 -121.125 -2 245.25 -114.875 -2 226.25 
3 16 -105.1776 -2 249.45 -121.125 -2 245.25 -105.625 -2 243.25 
3 16 -105.25 -2 250 -121.125 -2 245.25 -105.1776 -2 249.45 
3 16 -105.25 -2 250 -121.125 -2 253.75 -121.125 -2 245.25 
3 16 -105.1776 -2 250.55 -121.125 -2 253.75 -105.25 -2 250 
3 16 -104.9653 -2 251.0625 -121.125 -2 253.75 -105.1776 -2 250.55 
3 16 -104.6276 -2 251.5026 -121.125 -2 253.75 -104.9653 -2 251.0625 
3 16 -104.1875 -2 251.8403 -121.125 -2 253.75 -104.6276 -2 251.5026 
3 16 -103.675 -2 252.0526 -121.125 -2 253.75 -104.1875 -2 251.8403 
3 16 -103.125 -2 252.125 -121.125 -2 253.75 -103.675 -2 252.0526 
3 16 -114.875 -2 226.25 -144.875 -2 235.75 -146.875 -2 226.25 
3 16 -121.125 -2 245.25 -144.875 -2 235.75 -114.875 -2 226.25 
3 16 -144.875 -2 235.75 -146.875 -2 235.75 -146.875 -2 226.25 
3 16 -121.125 -2 245.25 -144.875 -2 245.25 -144.875 -2 235.75 
3 16 -87.875 -2 253.75 -121.125 -2 253.75 -103.125 -2 252.125 
3 16 -52.625 -2 253.75 -85.875 -2 253.75 -70.625 -2 252.125 
3 16 -68.125 -2 243.25 -68.125 -2 224.25 -58.875 -2 226.25 
3 16 -103.625 -2 226.25 -70.125 -2 226.25 -86.875 -2 227.875 
3 16 -103.625 -2 226.25 -86.875 -2 227.875 -87.425 -2 227.9474 
3 16 -103.625 -2 226.25 -87.425 -2 227.9474 -87.9375 -2 228.1597 
3 16 -86.875 -2 227.875 -70.125 -2 226.25 -86.325 -2 227.9474 
3 16 -86.325 -2 227.9474 -70.125 -2 226.25 -85.8125 -2 228.1597 
3 16 -105.625 -2 224.25 -105.625 -2 243.25 -114.875 -2 226.25 
3 16 -144.875 -4 245.25 -144.875 -4 235.75 -144.875 -2 235.75 
3 16 -144.875 -4 245.25 -144.875 -2 235.75 -144.875 -2 245.25 
3 16 -26.875 -4 235.75 -28.875 -4 245.25 -28.875 -4 235.75 
3 16 -26.875 -4 235.75 -26.875 -4 247.25 -28.875 -4 245.25 
3 16 -50.625 -4 255.75 -52.625 -4 253.75 -50.625 -4 247.25 
3 16 -50.625 -4 247.25 -52.625 -4 253.75 -52.625 -4 245.25 
3 16 -85.875 -4 235.75 -85.875 -4 253.75 -87.875 -4 235.75 
3 16 -50.625 -4 255.75 -85.875 -4 253.75 -52.625 -4 253.75 
3 16 -85.875 -4 253.75 -87.875 -4 253.75 -87.875 -4 235.75 
3 16 -121.125 -4 245.25 -121.125 -4 253.75 -123.125 -4 247.25 
3 16 -87.875 -4 253.75 -123.125 -4 255.75 -121.125 -4 253.75 
3 16 -121.125 -4 253.75 -123.125 -4 255.75 -123.125 -4 247.25 
3 16 -144.875 -4 235.75 -144.875 -4 245.25 -146.875 -4 235.75 
3 16 -144.875 -4 245.25 -146.875 -4 247.25 -146.875 -4 235.75 
3 16 -123.125 -4 247.25 -146.875 -4 247.25 -144.875 -4 245.25 
3 16 -50.625 -4 255.75 -123.125 -4 255.75 -85.875 -4 253.75 
3 16 -85.875 -4 253.75 -123.125 -4 255.75 -87.875 -4 253.75 
3 16 -26.875 -4 247.25 -50.625 -4 247.25 -28.875 -4 245.25 
3 16 -28.875 -4 245.25 -50.625 -4 247.25 -52.625 -4 245.25 
3 16 -144.875 -4 245.25 -121.125 -4 245.25 -123.125 -4 247.25 
3 16 -146.875 -4 226.25 -114.875 -4 226.25 -146.875 -2 226.25 
3 16 -146.875 -2 226.25 -114.875 -4 226.25 -114.875 -2 226.25 
3 16 -114.875 -4 226.25 -146.875 -4 226.25 -114.875 -4 224.25 
3 16 -114.875 -4 224.25 -146.875 -4 226.25 -146.875 -4 224.25 
3 16 -26.875 -4 224.25 -58.875 -2 224.25 -26.875 0 224.25 
3 16 -26.875 -4 224.25 -58.875 -4 224.25 -58.875 -2 224.25 
3 16 -58.875 -2 224.25 -68.125 -2 224.25 -26.875 0 224.25 
3 16 -68.125 -4 224.25 -105.625 -4 224.25 -68.125 -2 224.25 
3 16 -68.125 -2 224.25 -105.625 -4 224.25 -105.625 -2 224.25 
3 16 -114.875 -2 224.25 -146.875 0 224.25 -105.625 -2 224.25 
3 16 -105.625 -2 224.25 -146.875 0 224.25 -68.125 -2 224.25 
3 16 -68.125 -2 224.25 -146.875 0 224.25 -26.875 0 224.25 
3 16 -114.875 -4 224.25 -146.875 -4 224.25 -114.875 -2 224.25 
3 16 -114.875 -2 224.25 -146.875 -4 224.25 -146.875 0 224.25 
3 16 -50.625 0 247.25 -26.875 0 247.25 -26.875 0 224.25 
3 16 -85.125 0 226.9689 -84.4001 0 227.5251 -26.875 0 224.25 
3 16 -83.8439 0 228.25 -26.875 0 224.25 -84.4001 0 227.5251 
3 16 -83.4943 0 229.0941 -50.625 0 247.25 -26.875 0 224.25 
3 16 -83.4943 0 229.0941 -26.875 0 224.25 -83.8439 0 228.25 
3 16 -85.9691 0 226.6193 -85.125 0 226.9689 -26.875 0 224.25 
3 16 -86.875 0 226.5 -85.9691 0 226.6193 -26.875 0 224.25 
3 16 -68.875 0 246.9689 -68.1501 0 247.5251 -50.625 0 247.25 
3 16 -68.875 0 246.9689 -50.625 0 247.25 -83.4943 0 229.0941 
3 16 -67.5939 0 248.25 -50.625 0 247.25 -68.1501 0 247.5251 
3 16 -67.2443 0 249.0941 -50.625 0 247.25 -67.5939 0 248.25 
3 16 -69.7191 0 246.6193 -68.875 0 246.9689 -83.4943 0 229.0941 
3 16 -69.7191 0 246.6193 -83.4943 0 229.0941 -83.375 0 230 
3 16 -70.625 0 246.5 -83.375 0 230 -83.4943 0 230.9059 
3 16 -70.625 0 246.5 -69.7191 0 246.6193 -83.375 0 230 
3 16 -67.125 0 250 -50.625 0 255.75 -50.625 0 247.25 
3 16 -67.125 0 250 -50.625 0 247.25 -67.2443 0 249.0941 
3 16 -71.5309 0 246.6193 -70.625 0 246.5 -83.4943 0 230.9059 
3 16 -71.5309 0 246.6193 -83.4943 0 230.9059 -83.8439 0 231.75 
3 16 -67.2443 0 250.9059 -50.625 0 255.75 -67.125 0 250 
3 16 -72.375 0 246.9689 -71.5309 0 246.6193 -83.8439 0 231.75 
3 16 -72.375 0 246.9689 -83.8439 0 231.75 -84.4001 0 232.4749 
3 16 -67.5939 0 251.75 -50.625 0 255.75 -67.2443 0 250.9059 
3 16 -73.0999 0 247.5251 -84.4001 0 232.4749 -85.125 0 233.0311 
3 16 -73.0999 0 247.5251 -72.375 0 246.9689 -84.4001 0 232.4749 
3 16 -68.1501 0 252.4749 -50.625 0 255.75 -67.5939 0 251.75 
3 16 -73.6561 0 248.25 -85.125 0 233.0311 -85.9691 0 233.3807 
3 16 -73.6561 0 248.25 -73.0999 0 247.5251 -85.125 0 233.0311 
3 16 -68.875 0 253.0311 -50.625 0 255.75 -68.1501 0 252.4749 
3 16 -74.0057 0 249.0941 -85.9691 0 233.3807 -86.875 0 233.5 
3 16 -74.0057 0 249.0941 -73.6561 0 248.25 -85.9691 0 233.3807 
3 16 -69.7191 0 253.3807 -50.625 0 255.75 -68.875 0 253.0311 
3 16 -70.625 0 253.5 -50.625 0 255.75 -69.7191 0 253.3807 
3 16 -100.6501 0 247.5251 -88.625 0 233.0311 -89.3499 0 232.4749 
3 16 -101.375 0 246.9689 -89.3499 0 232.4749 -89.9061 0 231.75 
3 16 -101.375 0 246.9689 -100.6501 0 247.5251 -89.3499 0 232.4749 
3 16 -100.0939 0 248.25 -87.7809 0 233.3807 -88.625 0 233.0311 
3 16 -100.0939 0 248.25 -88.625 0 233.0311 -100.6501 0 247.5251 
3 16 -102.2191 0 246.6193 -89.9061 0 231.75 -90.2557 0 230.9059 
3 16 -102.2191 0 246.6193 -101.375 0 246.9689 -89.9061 0 231.75 
3 16 -99.7443 0 249.0941 -86.875 0 233.5 -87.7809 0 233.3807 
3 16 -99.7443 0 249.0941 -74.0057 0 249.0941 -86.875 0 233.5 
3 16 -99.7443 0 249.0941 -87.7809 0 233.3807 -100.0939 0 248.25 
3 16 -103.125 0 246.5 -90.2557 0 230.9059 -90.375 0 230 
3 16 -103.125 0 246.5 -102.2191 0 246.6193 -90.2557 0 230.9059 
3 16 -99.625 0 250 -74.125 0 250 -74.0057 0 249.0941 
3 16 -99.625 0 250 -74.0057 0 249.0941 -99.7443 0 249.0941 
3 16 -104.0309 0 246.6193 -90.375 0 230 -90.2557 0 229.0941 
3 16 -104.0309 0 246.6193 -103.125 0 246.5 -90.375 0 230 
3 16 -99.7443 0 250.9059 -74.0057 0 250.9059 -74.125 0 250 
3 16 -99.7443 0 250.9059 -74.125 0 250 -99.625 0 250 
3 16 -104.875 0 246.9689 -104.0309 0 246.6193 -90.2557 0 229.0941 
3 16 -100.0939 0 251.75 -74.0057 0 250.9059 -99.7443 0 250.9059 
3 16 -100.0939 0 251.75 -73.6561 0 251.75 -74.0057 0 250.9059 
3 16 -100.0939 0 251.75 -73.0999 0 252.4749 -73.6561 0 251.75 
3 16 -100.6501 0 252.4749 -73.0999 0 252.4749 -100.0939 0 251.75 
3 16 -100.6501 0 252.4749 -72.375 0 253.0311 -73.0999 0 252.4749 
3 16 -101.375 0 253.0311 -72.375 0 253.0311 -100.6501 0 252.4749 
3 16 -101.375 0 253.0311 -71.5309 0 253.3807 -72.375 0 253.0311 
3 16 -102.2191 0 253.3807 -71.5309 0 253.3807 -101.375 0 253.0311 
3 16 -123.125 0 247.25 -104.875 0 246.9689 -90.2557 0 229.0941 
3 16 -123.125 0 247.25 -105.5999 0 247.5251 -104.875 0 246.9689 
3 16 -123.125 0 247.25 -106.1561 0 248.25 -105.5999 0 247.5251 
3 16 -123.125 0 247.25 -106.5057 0 249.0941 -106.1561 0 248.25 
3 16 -123.125 0 247.25 -106.625 0 250 -106.5057 0 249.0941 
3 16 -146.875 0 224.25 -123.125 0 247.25 -90.2557 0 229.0941 
3 16 -146.875 0 224.25 -87.7809 0 226.6193 -86.875 0 226.5 
3 16 -146.875 0 224.25 -88.625 0 226.9689 -87.7809 0 226.6193 
3 16 -146.875 0 224.25 -89.3499 0 227.5251 -88.625 0 226.9689 
3 16 -146.875 0 224.25 -89.9061 0 228.25 -89.3499 0 227.5251 
3 16 -146.875 0 224.25 -90.2557 0 229.0941 -89.9061 0 228.25 
3 16 -123.125 0 255.75 -106.625 0 250 -123.125 0 247.25 
3 16 -123.125 0 255.75 -106.5057 0 250.9059 -106.625 0 250 
3 16 -123.125 0 255.75 -106.1561 0 251.75 -106.5057 0 250.9059 
3 16 -123.125 0 255.75 -105.5999 0 252.4749 -106.1561 0 251.75 
3 16 -123.125 0 255.75 -104.875 0 253.0311 -105.5999 0 252.4749 
3 16 -123.125 0 255.75 -104.0309 0 253.3807 -104.875 0 253.0311 
3 16 -123.125 0 255.75 -103.125 0 253.5 -104.0309 0 253.3807 
3 16 -146.875 0 247.25 -123.125 0 247.25 -146.875 0 224.25 
3 16 -123.125 0 255.75 -50.625 0 255.75 -70.625 0 253.5 
3 16 -123.125 0 255.75 -70.625 0 253.5 -71.5309 0 253.3807 
3 16 -123.125 0 255.75 -71.5309 0 253.3807 -103.125 0 253.5 
3 16 -103.125 0 253.5 -71.5309 0 253.3807 -102.2191 0 253.3807 
3 16 -26.875 0 224.25 -146.875 0 224.25 -86.875 0 226.5 
3 16 -146.875 -4 247.25 -123.125 -4 247.25 -146.875 0 247.25 
3 16 -146.875 0 247.25 -123.125 -4 247.25 -123.125 0 247.25 
3 16 -114.875 -4 226.25 -114.875 -4 224.25 -114.875 -2 226.25 
3 16 -114.875 -2 226.25 -114.875 -4 224.25 -114.875 -2 224.25 
3 16 -121.125 -4 245.25 -144.875 -4 245.25 -144.875 -2 245.25 
3 16 -121.125 -4 245.25 -144.875 -2 245.25 -121.125 -2 245.25 
3 16 -105.625 -4 224.25 -105.625 -4 243.25 -105.625 -2 224.25 
3 16 -105.625 -2 224.25 -105.625 -4 243.25 -105.625 -2 243.25 
3 16 -121.125 -4 253.75 -121.125 -4 245.25 -121.125 -2 245.25 
3 16 -121.125 -4 253.75 -121.125 -2 245.25 -121.125 -2 253.75 
3 16 -105.625 -4 243.25 -103.625 -4 243.25 -105.625 -2 243.25 
3 16 -105.625 -2 243.25 -103.625 -4 243.25 -103.625 -2 243.25 
3 16 -87.875 -4 253.75 -121.125 -4 253.75 -121.125 -2 253.75 
3 16 -87.875 -4 253.75 -121.125 -2 253.75 -87.875 -2 253.75 
3 16 -103.625 -4 243.25 -103.625 -4 226.25 -103.625 -2 243.25 
3 16 -103.625 -2 243.25 -103.625 -4 226.25 -103.625 -2 226.25 
3 16 -87.875 -4 235.75 -87.875 -4 253.75 -87.875 -2 235.75 
3 16 -87.875 -2 235.75 -87.875 -4 253.75 -87.875 -2 253.75 
3 16 -103.625 -4 226.25 -70.125 -4 226.25 -103.625 -2 226.25 
3 16 -103.625 -2 226.25 -70.125 -4 226.25 -70.125 -2 226.25 
3 16 -85.875 -4 235.75 -87.875 -4 235.75 -85.875 -2 235.75 
3 16 -85.875 -2 235.75 -87.875 -4 235.75 -87.875 -2 235.75 
3 16 -70.125 -4 226.25 -70.125 -4 243.25 -70.125 -2 226.25 
3 16 -70.125 -2 226.25 -70.125 -4 243.25 -70.125 -2 243.25 
3 16 -85.875 -4 253.75 -85.875 -4 235.75 -85.875 -2 253.75 
3 16 -85.875 -2 253.75 -85.875 -4 235.75 -85.875 -2 235.75 
3 16 -70.125 -4 243.25 -68.125 -4 243.25 -70.125 -2 243.25 
3 16 -70.125 -2 243.25 -68.125 -4 243.25 -68.125 -2 243.25 
3 16 -52.625 -4 253.75 -85.875 -4 253.75 -85.875 -2 253.75 
3 16 -52.625 -4 253.75 -85.875 -2 253.75 -52.625 -2 253.75 
3 16 -68.125 -4 243.25 -68.125 -4 224.25 -68.125 -2 243.25 
3 16 -68.125 -2 243.25 -68.125 -4 224.25 -68.125 -2 224.25 
3 16 -52.625 -4 245.25 -52.625 -4 253.75 -52.625 -2 253.75 
3 16 -52.625 -4 245.25 -52.625 -2 253.75 -52.625 -2 245.25 
3 16 -28.875 -4 245.25 -52.625 -4 245.25 -52.625 -2 245.25 
3 16 -28.875 -4 245.25 -52.625 -2 245.25 -28.875 -2 245.25 
3 16 -58.875 -4 224.25 -58.875 -4 226.25 -58.875 -2 224.25 
3 16 -58.875 -2 224.25 -58.875 -4 226.25 -58.875 -2 226.25 
3 16 -28.875 -4 235.75 -28.875 -4 245.25 -28.875 -2 245.25 
3 16 -28.875 -4 235.75 -28.875 -2 245.25 -28.875 -2 235.75 
3 16 -58.875 -4 226.25 -26.875 -2 226.25 -58.875 -2 226.25 
3 16 -58.875 -4 226.25 -26.875 -4 226.25 -26.875 -2 226.25 
3 16 -26.875 -4 235.75 -28.875 -4 235.75 -28.875 -2 235.75 
3 16 -26.875 -4 235.75 -28.875 -2 235.75 -26.875 -2 235.75 
3 16 -26.875 -4 247.25 -26.875 -2 235.75 -26.875 0 247.25 
3 16 -26.875 -4 247.25 -26.875 -4 235.75 -26.875 -2 235.75 
3 16 -26.875 -2 235.75 -26.875 0 224.25 -26.875 0 247.25 
3 16 -26.875 -2 235.75 -26.875 -2 226.25 -26.875 0 224.25 
3 16 -26.875 -4 226.25 -26.875 -4 224.25 -26.875 -2 226.25 
3 16 -26.875 -2 226.25 -26.875 -4 224.25 -26.875 0 224.25 
3 16 -89 -2 230 -88.9276 -1.75 230.55 -88.9276 -2 230.55 
3 16 -89 -1.75 230 -88.9276 -1.75 230.55 -89 -2 230 
3 16 -88.9276 -2 230.55 -88.7153 -1.75 231.0625 -88.7153 -2 231.0625 
3 16 -88.9276 -1.75 230.55 -88.7153 -1.75 231.0625 -88.9276 -2 230.55 
3 16 -88.7153 -2 231.0625 -88.3776 -1.75 231.5026 -88.3776 -2 231.5026 
3 16 -88.7153 -1.75 231.0625 -88.3776 -1.75 231.5026 -88.7153 -2 231.0625 
3 16 -88.3776 -2 231.5026 -87.9375 -1.75 231.8403 -87.9375 -2 231.8403 
3 16 -88.3776 -1.75 231.5026 -87.9375 -1.75 231.8403 -88.3776 -2 231.5026 
3 16 -87.9375 -2 231.8403 -87.425 -1.75 232.0526 -87.425 -2 232.0526 
3 16 -87.9375 -1.75 231.8403 -87.425 -1.75 232.0526 -87.9375 -2 231.8403 
3 16 -87.425 -2 232.0526 -86.875 -1.75 232.125 -86.875 -2 232.125 
3 16 -87.425 -1.75 232.0526 -86.875 -1.75 232.125 -87.425 -2 232.0526 
3 16 -86.875 -2 232.125 -86.325 -1.75 232.0526 -86.325 -2 232.0526 
3 16 -86.875 -1.75 232.125 -86.325 -1.75 232.0526 -86.875 -2 232.125 
3 16 -86.325 -2 232.0526 -85.8125 -1.75 231.8403 -85.8125 -2 231.8403 
3 16 -86.325 -1.75 232.0526 -85.8125 -1.75 231.8403 -86.325 -2 232.0526 
3 16 -85.8125 -2 231.8403 -85.3724 -1.75 231.5026 -85.3724 -2 231.5026 
3 16 -85.8125 -1.75 231.8403 -85.3724 -1.75 231.5026 -85.8125 -2 231.8403 
3 16 -85.3724 -2 231.5026 -85.0347 -1.75 231.0625 -85.0347 -2 231.0625 
3 16 -85.3724 -1.75 231.5026 -85.0347 -1.75 231.0625 -85.3724 -2 231.5026 
3 16 -85.0347 -2 231.0625 -84.8224 -1.75 230.55 -84.8224 -2 230.55 
3 16 -85.0347 -1.75 231.0625 -84.8224 -1.75 230.55 -85.0347 -2 231.0625 
3 16 -84.8224 -1.75 230.55 -84.75 -1.75 230 -84.8224 -2 230.55 
3 16 -84.8224 -2 230.55 -84.75 -1.75 230 -84.75 -2 230 
3 16 -84.75 -1.75 230 -84.8224 -1.75 229.45 -84.75 -2 230 
3 16 -84.75 -2 230 -84.8224 -1.75 229.45 -84.8224 -2 229.45 
3 16 -84.8224 -1.75 229.45 -85.0347 -1.75 228.9375 -84.8224 -2 229.45 
3 16 -84.8224 -2 229.45 -85.0347 -1.75 228.9375 -85.0347 -2 228.9375 
3 16 -85.0347 -2 228.9375 -85.3724 -1.75 228.4974 -85.3724 -2 228.4974 
3 16 -85.0347 -1.75 228.9375 -85.3724 -1.75 228.4974 -85.0347 -2 228.9375 
3 16 -85.3724 -2 228.4974 -85.8125 -1.75 228.1597 -85.8125 -2 228.1597 
3 16 -85.3724 -1.75 228.4974 -85.8125 -1.75 228.1597 -85.3724 -2 228.4974 
3 16 -85.8125 -2 228.1597 -86.325 -1.75 227.9474 -86.325 -2 227.9474 
3 16 -85.8125 -1.75 228.1597 -86.325 -1.75 227.9474 -85.8125 -2 228.1597 
3 16 -86.325 -2 227.9474 -86.875 -1.75 227.875 -86.875 -2 227.875 
3 16 -86.875 -2 227.875 -86.875 -1.75 227.875 -87.425 -2 227.9474 
3 16 -86.325 -1.75 227.9474 -86.875 -1.75 227.875 -86.325 -2 227.9474 
3 16 -86.875 -1.75 227.875 -87.425 -1.75 227.9474 -87.425 -2 227.9474 
3 16 -87.425 -2 227.9474 -87.9375 -1.75 228.1597 -87.9375 -2 228.1597 
3 16 -87.425 -1.75 227.9474 -87.9375 -1.75 228.1597 -87.425 -2 227.9474 
3 16 -87.9375 -2 228.1597 -88.3776 -1.75 228.4974 -88.3776 -2 228.4974 
3 16 -87.9375 -1.75 228.1597 -88.3776 -1.75 228.4974 -87.9375 -2 228.1597 
3 16 -88.3776 -2 228.4974 -88.7153 -1.75 228.9375 -88.7153 -2 228.9375 
3 16 -88.3776 -1.75 228.4974 -88.7153 -1.75 228.9375 -88.3776 -2 228.4974 
3 16 -88.7153 -2 228.9375 -88.9276 -1.75 229.45 -88.9276 -2 229.45 
3 16 -88.9276 -2 229.45 -88.9276 -1.75 229.45 -89 -2 230 
3 16 -88.7153 -1.75 228.9375 -88.9276 -1.75 229.45 -88.7153 -2 228.9375 
3 16 -88.9276 -1.75 229.45 -89 -1.75 230 -89 -2 230 
3 16 -72.75 -2 250 -72.6776 -1.75 250.55 -72.6776 -2 250.55 
3 16 -72.75 -1.75 250 -72.6776 -1.75 250.55 -72.75 -2 250 
3 16 -72.6776 -2 250.55 -72.4653 -1.75 251.0625 -72.4653 -2 251.0625 
3 16 -72.6776 -1.75 250.55 -72.4653 -1.75 251.0625 -72.6776 -2 250.55 
3 16 -72.4653 -2 251.0625 -72.1276 -1.75 251.5026 -72.1276 -2 251.5026 
3 16 -72.4653 -1.75 251.0625 -72.1276 -1.75 251.5026 -72.4653 -2 251.0625 
3 16 -72.1276 -2 251.5026 -71.6875 -1.75 251.8403 -71.6875 -2 251.8403 
3 16 -72.1276 -1.75 251.5026 -71.6875 -1.75 251.8403 -72.1276 -2 251.5026 
3 16 -71.6875 -2 251.8403 -71.175 -1.75 252.0526 -71.175 -2 252.0526 
3 16 -71.6875 -1.75 251.8403 -71.175 -1.75 252.0526 -71.6875 -2 251.8403 
3 16 -71.175 -2 252.0526 -70.625 -1.75 252.125 -70.625 -2 252.125 
3 16 -71.175 -1.75 252.0526 -70.625 -1.75 252.125 -71.175 -2 252.0526 
3 16 -70.625 -2 252.125 -70.075 -1.75 252.0526 -70.075 -2 252.0526 
3 16 -70.625 -1.75 252.125 -70.075 -1.75 252.0526 -70.625 -2 252.125 
3 16 -70.075 -2 252.0526 -69.5625 -1.75 251.8403 -69.5625 -2 251.8403 
3 16 -70.075 -1.75 252.0526 -69.5625 -1.75 251.8403 -70.075 -2 252.0526 
3 16 -69.5625 -2 251.8403 -69.1224 -1.75 251.5026 -69.1224 -2 251.5026 
3 16 -69.5625 -1.75 251.8403 -69.1224 -1.75 251.5026 -69.5625 -2 251.8403 
3 16 -69.1224 -2 251.5026 -68.7847 -1.75 251.0625 -68.7847 -2 251.0625 
3 16 -69.1224 -1.75 251.5026 -68.7847 -1.75 251.0625 -69.1224 -2 251.5026 
3 16 -68.7847 -2 251.0625 -68.5724 -1.75 250.55 -68.5724 -2 250.55 
3 16 -68.7847 -1.75 251.0625 -68.5724 -1.75 250.55 -68.7847 -2 251.0625 
3 16 -68.5724 -1.75 250.55 -68.5 -1.75 250 -68.5724 -2 250.55 
3 16 -68.5724 -2 250.55 -68.5 -1.75 250 -68.5 -2 250 
3 16 -68.5 -1.75 250 -68.5724 -1.75 249.45 -68.5 -2 250 
3 16 -68.5 -2 250 -68.5724 -1.75 249.45 -68.5724 -2 249.45 
3 16 -68.5724 -1.75 249.45 -68.7847 -1.75 248.9375 -68.5724 -2 249.45 
3 16 -68.5724 -2 249.45 -68.7847 -1.75 248.9375 -68.7847 -2 248.9375 
3 16 -68.7847 -2 248.9375 -69.1224 -1.75 248.4974 -69.1224 -2 248.4974 
3 16 -68.7847 -1.75 248.9375 -69.1224 -1.75 248.4974 -68.7847 -2 248.9375 
3 16 -69.1224 -2 248.4974 -69.5625 -1.75 248.1597 -69.5625 -2 248.1597 
3 16 -69.1224 -1.75 248.4974 -69.5625 -1.75 248.1597 -69.1224 -2 248.4974 
3 16 -69.5625 -2 248.1597 -70.075 -1.75 247.9474 -70.075 -2 247.9474 
3 16 -69.5625 -1.75 248.1597 -70.075 -1.75 247.9474 -69.5625 -2 248.1597 
3 16 -70.075 -2 247.9474 -70.625 -1.75 247.875 -70.625 -2 247.875 
3 16 -70.625 -2 247.875 -70.625 -1.75 247.875 -71.175 -2 247.9474 
3 16 -70.075 -1.75 247.9474 -70.625 -1.75 247.875 -70.075 -2 247.9474 
3 16 -70.625 -1.75 247.875 -71.175 -1.75 247.9474 -71.175 -2 247.9474 
3 16 -71.175 -2 247.9474 -71.6875 -1.75 248.1597 -71.6875 -2 248.1597 
3 16 -71.175 -1.75 247.9474 -71.6875 -1.75 248.1597 -71.175 -2 247.9474 
3 16 -71.6875 -2 248.1597 -72.1276 -1.75 248.4974 -72.1276 -2 248.4974 
3 16 -71.6875 -1.75 248.1597 -72.1276 -1.75 248.4974 -71.6875 -2 248.1597 
3 16 -72.1276 -2 248.4974 -72.4653 -1.75 248.9375 -72.4653 -2 248.9375 
3 16 -72.1276 -1.75 248.4974 -72.4653 -1.75 248.9375 -72.1276 -2 248.4974 
3 16 -72.4653 -2 248.9375 -72.6776 -1.75 249.45 -72.6776 -2 249.45 
3 16 -72.6776 -2 249.45 -72.6776 -1.75 249.45 -72.75 -2 250 
3 16 -72.4653 -1.75 248.9375 -72.6776 -1.75 249.45 -72.4653 -2 248.9375 
3 16 -72.6776 -1.75 249.45 -72.75 -1.75 250 -72.75 -2 250 
3 16 -105.25 -2 250 -105.1776 -1.75 250.55 -105.1776 -2 250.55 
3 16 -105.25 -1.75 250 -105.1776 -1.75 250.55 -105.25 -2 250 
3 16 -105.1776 -2 250.55 -104.9653 -1.75 251.0625 -104.9653 -2 251.0625 
3 16 -105.1776 -1.75 250.55 -104.9653 -1.75 251.0625 -105.1776 -2 250.55 
3 16 -104.9653 -2 251.0625 -104.6276 -1.75 251.5026 -104.6276 -2 251.5026 
3 16 -104.9653 -1.75 251.0625 -104.6276 -1.75 251.5026 -104.9653 -2 251.0625 
3 16 -104.6276 -2 251.5026 -104.1875 -1.75 251.8403 -104.1875 -2 251.8403 
3 16 -104.6276 -1.75 251.5026 -104.1875 -1.75 251.8403 -104.6276 -2 251.5026 
3 16 -104.1875 -2 251.8403 -103.675 -1.75 252.0526 -103.675 -2 252.0526 
3 16 -104.1875 -1.75 251.8403 -103.675 -1.75 252.0526 -104.1875 -2 251.8403 
3 16 -103.675 -2 252.0526 -103.125 -1.75 252.125 -103.125 -2 252.125 
3 16 -103.675 -1.75 252.0526 -103.125 -1.75 252.125 -103.675 -2 252.0526 
3 16 -103.125 -2 252.125 -102.575 -1.75 252.0526 -102.575 -2 252.0526 
3 16 -103.125 -1.75 252.125 -102.575 -1.75 252.0526 -103.125 -2 252.125 
3 16 -102.575 -2 252.0526 -102.0625 -1.75 251.8403 -102.0625 -2 251.8403 
3 16 -102.575 -1.75 252.0526 -102.0625 -1.75 251.8403 -102.575 -2 252.0526 
3 16 -102.0625 -2 251.8403 -101.6224 -1.75 251.5026 -101.6224 -2 251.5026 
3 16 -102.0625 -1.75 251.8403 -101.6224 -1.75 251.5026 -102.0625 -2 251.8403 
3 16 -101.6224 -2 251.5026 -101.2847 -1.75 251.0625 -101.2847 -2 251.0625 
3 16 -101.6224 -1.75 251.5026 -101.2847 -1.75 251.0625 -101.6224 -2 251.5026 
3 16 -101.2847 -2 251.0625 -101.0724 -1.75 250.55 -101.0724 -2 250.55 
3 16 -101.2847 -1.75 251.0625 -101.0724 -1.75 250.55 -101.2847 -2 251.0625 
3 16 -101.0724 -1.75 250.55 -101 -1.75 250 -101.0724 -2 250.55 
3 16 -101.0724 -2 250.55 -101 -1.75 250 -101 -2 250 
3 16 -101 -1.75 250 -101.0724 -1.75 249.45 -101 -2 250 
3 16 -101 -2 250 -101.0724 -1.75 249.45 -101.0724 -2 249.45 
3 16 -101.0724 -1.75 249.45 -101.2847 -1.75 248.9375 -101.0724 -2 249.45 
3 16 -101.0724 -2 249.45 -101.2847 -1.75 248.9375 -101.2847 -2 248.9375 
3 16 -101.2847 -2 248.9375 -101.6224 -1.75 248.4974 -101.6224 -2 248.4974 
3 16 -101.2847 -1.75 248.9375 -101.6224 -1.75 248.4974 -101.2847 -2 248.9375 
3 16 -101.6224 -2 248.4974 -102.0625 -1.75 248.1597 -102.0625 -2 248.1597 
3 16 -101.6224 -1.75 248.4974 -102.0625 -1.75 248.1597 -101.6224 -2 248.4974 
3 16 -102.0625 -2 248.1597 -102.575 -1.75 247.9474 -102.575 -2 247.9474 
3 16 -102.0625 -1.75 248.1597 -102.575 -1.75 247.9474 -102.0625 -2 248.1597 
3 16 -102.575 -2 247.9474 -103.125 -1.75 247.875 -103.125 -2 247.875 
3 16 -103.125 -2 247.875 -103.125 -1.75 247.875 -103.675 -2 247.9474 
3 16 -102.575 -1.75 247.9474 -103.125 -1.75 247.875 -102.575 -2 247.9474 
3 16 -103.125 -1.75 247.875 -103.675 -1.75 247.9474 -103.675 -2 247.9474 
3 16 -103.675 -2 247.9474 -104.1875 -1.75 248.1597 -104.1875 -2 248.1597 
3 16 -103.675 -1.75 247.9474 -104.1875 -1.75 248.1597 -103.675 -2 247.9474 
3 16 -104.1875 -2 248.1597 -104.6276 -1.75 248.4974 -104.6276 -2 248.4974 
3 16 -104.1875 -1.75 248.1597 -104.6276 -1.75 248.4974 -104.1875 -2 248.1597 
3 16 -104.6276 -2 248.4974 -104.9653 -1.75 248.9375 -104.9653 -2 248.9375 
3 16 -104.6276 -1.75 248.4974 -104.9653 -1.75 248.9375 -104.6276 -2 248.4974 
3 16 -104.9653 -2 248.9375 -105.1776 -1.75 249.45 -105.1776 -2 249.45 
3 16 -105.1776 -2 249.45 -105.1776 -1.75 249.45 -105.25 -2 250 
3 16 -104.9653 -1.75 248.9375 -105.1776 -1.75 249.45 -104.9653 -2 248.9375 
3 16 -105.1776 -1.75 249.45 -105.25 -1.75 250 -105.25 -2 250 
3 16 -123.125 -4 247.25 -123.125 -4 255.75 -123.125 0 247.25 
3 16 -123.125 0 247.25 -123.125 -4 255.75 -123.125 0 255.75 
3 16 -123.125 -4 255.75 -50.625 -4 255.75 -123.125 0 255.75 
3 16 -123.125 0 255.75 -50.625 -4 255.75 -50.625 0 255.75 
3 16 -50.625 -4 255.75 -50.625 -4 247.25 -50.625 0 255.75 
3 16 -50.625 0 255.75 -50.625 -4 247.25 -50.625 0 247.25 
3 16 -50.625 -4 247.25 -26.875 -4 247.25 -50.625 0 247.25 
3 16 -50.625 0 247.25 -26.875 -4 247.25 -26.875 0 247.25 
3 16 -68.125 -4 224.25 -68.125 -4 243.25 -70.125 -4 226.25 
3 16 -68.125 -4 243.25 -70.125 -4 243.25 -70.125 -4 226.25 
3 16 -70.125 -4 226.25 -105.625 -4 224.25 -68.125 -4 224.25 
3 16 -70.125 -4 226.25 -103.625 -4 226.25 -105.625 -4 224.25 
3 16 -103.625 -4 243.25 -105.625 -4 243.25 -103.625 -4 226.25 
3 16 -103.625 -4 226.25 -105.625 -4 243.25 -105.625 -4 224.25 
3 16 -26.875 -4 226.25 -58.875 -4 226.25 -26.875 -4 224.25 
3 16 -26.875 -4 224.25 -58.875 -4 226.25 -58.875 -4 224.25 
3 16 -90.375 -0.375 230 -90.2557 0 230.9059 -90.2557 -0.375 230.9059 
3 16 -90.375 0 230 -90.2557 0 230.9059 -90.375 -0.375 230 
3 16 -90.2557 -0.375 230.9059 -89.9061 0 231.75 -89.9061 -0.375 231.75 
3 16 -90.2557 0 230.9059 -89.9061 0 231.75 -90.2557 -0.375 230.9059 
3 16 -89.9061 -0.375 231.75 -89.3499 0 232.4749 -89.3499 -0.375 232.4749 
3 16 -89.9061 0 231.75 -89.3499 0 232.4749 -89.9061 -0.375 231.75 
3 16 -89.3499 -0.375 232.4749 -88.625 0 233.0311 -88.625 -0.375 233.0311 
3 16 -89.3499 0 232.4749 -88.625 0 233.0311 -89.3499 -0.375 232.4749 
3 16 -88.625 -0.375 233.0311 -87.7809 0 233.3807 -87.7809 -0.375 233.3807 
3 16 -88.625 0 233.0311 -87.7809 0 233.3807 -88.625 -0.375 233.0311 
3 16 -87.7809 -0.375 233.3807 -86.875 0 233.5 -86.875 -0.375 233.5 
3 16 -87.7809 0 233.3807 -86.875 0 233.5 -87.7809 -0.375 233.3807 
3 16 -86.875 -0.375 233.5 -85.9691 0 233.3807 -85.9691 -0.375 233.3807 
3 16 -86.875 0 233.5 -85.9691 0 233.3807 -86.875 -0.375 233.5 
3 16 -85.9691 -0.375 233.3807 -85.125 0 233.0311 -85.125 -0.375 233.0311 
3 16 -85.9691 0 233.3807 -85.125 0 233.0311 -85.9691 -0.375 233.3807 
3 16 -85.125 -0.375 233.0311 -84.4001 0 232.4749 -84.4001 -0.375 232.4749 
3 16 -85.125 0 233.0311 -84.4001 0 232.4749 -85.125 -0.375 233.0311 
3 16 -84.4001 -0.375 232.4749 -83.8439 0 231.75 -83.8439 -0.375 231.75 
3 16 -84.4001 0 232.4749 -83.8439 0 231.75 -84.4001 -0.375 232.4749 
3 16 -83.8439 -0.375 231.75 -83.4943 0 230.9059 -83.4943 -0.375 230.9059 
3 16 -83.4943 -0.375 230.9059 -83.4943 0 230.9059 -83.375 -0.375 230 
3 16 -83.8439 0 231.75 -83.4943 0 230.9059 -83.8439 -0.375 231.75 
3 16 -83.4943 0 230.9059 -83.375 0 230 -83.375 -0.375 230 
3 16 -83.375 0 230 -83.4943 0 229.0941 -83.375 -0.375 230 
3 16 -83.375 -0.375 230 -83.4943 0 229.0941 -83.4943 -0.375 229.0941 
3 16 -83.4943 0 229.0941 -83.8439 0 228.25 -83.4943 -0.375 229.0941 
3 16 -83.4943 -0.375 229.0941 -83.8439 0 228.25 -83.8439 -0.375 228.25 
3 16 -83.8439 -0.375 228.25 -84.4001 0 227.5251 -84.4001 -0.375 227.5251 
3 16 -83.8439 0 228.25 -84.4001 0 227.5251 -83.8439 -0.375 228.25 
3 16 -84.4001 -0.375 227.5251 -85.125 0 226.9689 -85.125 -0.375 226.9689 
3 16 -84.4001 0 227.5251 -85.125 0 226.9689 -84.4001 -0.375 227.5251 
3 16 -85.125 -0.375 226.9689 -85.9691 0 226.6193 -85.9691 -0.375 226.6193 
3 16 -85.125 0 226.9689 -85.9691 0 226.6193 -85.125 -0.375 226.9689 
3 16 -85.9691 -0.375 226.6193 -86.875 0 226.5 -86.875 -0.375 226.5 
3 16 -85.9691 0 226.6193 -86.875 0 226.5 -85.9691 -0.375 226.6193 
3 16 -86.875 -0.375 226.5 -87.7809 0 226.6193 -87.7809 -0.375 226.6193 
3 16 -86.875 0 226.5 -87.7809 0 226.6193 -86.875 -0.375 226.5 
3 16 -87.7809 -0.375 226.6193 -88.625 0 226.9689 -88.625 -0.375 226.9689 
3 16 -87.7809 0 226.6193 -88.625 0 226.9689 -87.7809 -0.375 226.6193 
3 16 -88.625 -0.375 226.9689 -89.3499 0 227.5251 -89.3499 -0.375 227.5251 
3 16 -89.3499 -0.375 227.5251 -89.3499 0 227.5251 -89.9061 -0.375 228.25 
3 16 -88.625 0 226.9689 -89.3499 0 227.5251 -88.625 -0.375 226.9689 
3 16 -89.3499 0 227.5251 -89.9061 0 228.25 -89.9061 -0.375 228.25 
3 16 -89.9061 -0.375 228.25 -90.2557 0 229.0941 -90.2557 -0.375 229.0941 
3 16 -89.9061 0 228.25 -90.2557 0 229.0941 -89.9061 -0.375 228.25 
3 16 -90.2557 -0.375 229.0941 -90.375 0 230 -90.375 -0.375 230 
3 16 -90.2557 0 229.0941 -90.375 0 230 -90.2557 -0.375 229.0941 
3 16 -74.125 -0.375 250 -74.0057 0 250.9059 -74.0057 -0.375 250.9059 
3 16 -74.125 0 250 -74.0057 0 250.9059 -74.125 -0.375 250 
3 16 -74.0057 -0.375 250.9059 -73.6561 0 251.75 -73.6561 -0.375 251.75 
3 16 -74.0057 0 250.9059 -73.6561 0 251.75 -74.0057 -0.375 250.9059 
3 16 -73.6561 -0.375 251.75 -73.0999 0 252.4749 -73.0999 -0.375 252.4749 
3 16 -73.6561 0 251.75 -73.0999 0 252.4749 -73.6561 -0.375 251.75 
3 16 -73.0999 -0.375 252.4749 -72.375 0 253.0311 -72.375 -0.375 253.0311 
3 16 -73.0999 0 252.4749 -72.375 0 253.0311 -73.0999 -0.375 252.4749 
3 16 -72.375 -0.375 253.0311 -71.5309 0 253.3807 -71.5309 -0.375 253.3807 
3 16 -72.375 0 253.0311 -71.5309 0 253.3807 -72.375 -0.375 253.0311 
3 16 -71.5309 -0.375 253.3807 -70.625 0 253.5 -70.625 -0.375 253.5 
3 16 -71.5309 0 253.3807 -70.625 0 253.5 -71.5309 -0.375 253.3807 
3 16 -70.625 -0.375 253.5 -69.7191 0 253.3807 -69.7191 -0.375 253.3807 
3 16 -70.625 0 253.5 -69.7191 0 253.3807 -70.625 -0.375 253.5 
3 16 -69.7191 -0.375 253.3807 -68.875 0 253.0311 -68.875 -0.375 253.0311 
3 16 -69.7191 0 253.3807 -68.875 0 253.0311 -69.7191 -0.375 253.3807 
3 16 -68.875 -0.375 253.0311 -68.1501 0 252.4749 -68.1501 -0.375 252.4749 
3 16 -68.875 0 253.0311 -68.1501 0 252.4749 -68.875 -0.375 253.0311 
3 16 -68.1501 -0.375 252.4749 -67.5939 0 251.75 -67.5939 -0.375 251.75 
3 16 -68.1501 0 252.4749 -67.5939 0 251.75 -68.1501 -0.375 252.4749 
3 16 -67.5939 -0.375 251.75 -67.2443 0 250.9059 -67.2443 -0.375 250.9059 
3 16 -67.2443 -0.375 250.9059 -67.2443 0 250.9059 -67.125 -0.375 250 
3 16 -67.5939 0 251.75 -67.2443 0 250.9059 -67.5939 -0.375 251.75 
3 16 -67.2443 0 250.9059 -67.125 0 250 -67.125 -0.375 250 
3 16 -67.125 0 250 -67.2443 0 249.0941 -67.125 -0.375 250 
3 16 -67.125 -0.375 250 -67.2443 0 249.0941 -67.2443 -0.375 249.0941 
3 16 -67.2443 0 249.0941 -67.5939 0 248.25 -67.2443 -0.375 249.0941 
3 16 -67.2443 -0.375 249.0941 -67.5939 0 248.25 -67.5939 -0.375 248.25 
3 16 -67.5939 -0.375 248.25 -68.1501 0 247.5251 -68.1501 -0.375 247.5251 
3 16 -67.5939 0 248.25 -68.1501 0 247.5251 -67.5939 -0.375 248.25 
3 16 -68.1501 -0.375 247.5251 -68.875 0 246.9689 -68.875 -0.375 246.9689 
3 16 -68.1501 0 247.5251 -68.875 0 246.9689 -68.1501 -0.375 247.5251 
3 16 -68.875 -0.375 246.9689 -69.7191 0 246.6193 -69.7191 -0.375 246.6193 
3 16 -68.875 0 246.9689 -69.7191 0 246.6193 -68.875 -0.375 246.9689 
3 16 -69.7191 -0.375 246.6193 -70.625 0 246.5 -70.625 -0.375 246.5 
3 16 -69.7191 0 246.6193 -70.625 0 246.5 -69.7191 -0.375 246.6193 
3 16 -70.625 -0.375 246.5 -71.5309 0 246.6193 -71.5309 -0.375 246.6193 
3 16 -70.625 0 246.5 -71.5309 0 246.6193 -70.625 -0.375 246.5 
3 16 -71.5309 -0.375 246.6193 -72.375 0 246.9689 -72.375 -0.375 246.9689 
3 16 -71.5309 0 246.6193 -72.375 0 246.9689 -71.5309 -0.375 246.6193 
3 16 -72.375 -0.375 246.9689 -73.0999 0 247.5251 -73.0999 -0.375 247.5251 
3 16 -73.0999 -0.375 247.5251 -73.0999 0 247.5251 -73.6561 -0.375 248.25 
3 16 -72.375 0 246.9689 -73.0999 0 247.5251 -72.375 -0.375 246.9689 
3 16 -73.0999 0 247.5251 -73.6561 0 248.25 -73.6561 -0.375 248.25 
3 16 -73.6561 -0.375 248.25 -74.0057 0 249.0941 -74.0057 -0.375 249.0941 
3 16 -73.6561 0 248.25 -74.0057 0 249.0941 -73.6561 -0.375 248.25 
3 16 -74.0057 -0.375 249.0941 -74.125 0 250 -74.125 -0.375 250 
3 16 -74.0057 0 249.0941 -74.125 0 250 -74.0057 -0.375 249.0941 
3 16 -106.625 -0.375 250 -106.5057 0 250.9059 -106.5057 -0.375 250.9059 
3 16 -106.625 0 250 -106.5057 0 250.9059 -106.625 -0.375 250 
3 16 -106.5057 -0.375 250.9059 -106.1561 0 251.75 -106.1561 -0.375 251.75 
3 16 -106.5057 0 250.9059 -106.1561 0 251.75 -106.5057 -0.375 250.9059 
3 16 -106.1561 -0.375 251.75 -105.5999 0 252.4749 -105.5999 -0.375 252.4749 
3 16 -106.1561 0 251.75 -105.5999 0 252.4749 -106.1561 -0.375 251.75 
3 16 -105.5999 -0.375 252.4749 -104.875 0 253.0311 -104.875 -0.375 253.0311 
3 16 -105.5999 0 252.4749 -104.875 0 253.0311 -105.5999 -0.375 252.4749 
3 16 -104.875 -0.375 253.0311 -104.0309 0 253.3807 -104.0309 -0.375 253.3807 
3 16 -104.875 0 253.0311 -104.0309 0 253.3807 -104.875 -0.375 253.0311 
3 16 -104.0309 -0.375 253.3807 -103.125 0 253.5 -103.125 -0.375 253.5 
3 16 -104.0309 0 253.3807 -103.125 0 253.5 -104.0309 -0.375 253.3807 
3 16 -103.125 -0.375 253.5 -102.2191 0 253.3807 -102.2191 -0.375 253.3807 
3 16 -103.125 0 253.5 -102.2191 0 253.3807 -103.125 -0.375 253.5 
3 16 -102.2191 -0.375 253.3807 -101.375 0 253.0311 -101.375 -0.375 253.0311 
3 16 -102.2191 0 253.3807 -101.375 0 253.0311 -102.2191 -0.375 253.3807 
3 16 -101.375 -0.375 253.0311 -100.6501 0 252.4749 -100.6501 -0.375 252.4749 
3 16 -101.375 0 253.0311 -100.6501 0 252.4749 -101.375 -0.375 253.0311 
3 16 -100.6501 -0.375 252.4749 -100.0939 0 251.75 -100.0939 -0.375 251.75 
3 16 -100.6501 0 252.4749 -100.0939 0 251.75 -100.6501 -0.375 252.4749 
3 16 -100.0939 -0.375 251.75 -99.7443 0 250.9059 -99.7443 -0.375 250.9059 
3 16 -99.7443 -0.375 250.9059 -99.7443 0 250.9059 -99.625 -0.375 250 
3 16 -100.0939 0 251.75 -99.7443 0 250.9059 -100.0939 -0.375 251.75 
3 16 -99.7443 0 250.9059 -99.625 0 250 -99.625 -0.375 250 
3 16 -99.625 0 250 -99.7443 0 249.0941 -99.625 -0.375 250 
3 16 -99.625 -0.375 250 -99.7443 0 249.0941 -99.7443 -0.375 249.0941 
3 16 -99.7443 0 249.0941 -100.0939 0 248.25 -99.7443 -0.375 249.0941 
3 16 -99.7443 -0.375 249.0941 -100.0939 0 248.25 -100.0939 -0.375 248.25 
3 16 -100.0939 -0.375 248.25 -100.6501 0 247.5251 -100.6501 -0.375 247.5251 
3 16 -100.0939 0 248.25 -100.6501 0 247.5251 -100.0939 -0.375 248.25 
3 16 -100.6501 -0.375 247.5251 -101.375 0 246.9689 -101.375 -0.375 246.9689 
3 16 -100.6501 0 247.5251 -101.375 0 246.9689 -100.6501 -0.375 247.5251 
3 16 -101.375 -0.375 246.9689 -102.2191 0 246.6193 -102.2191 -0.375 246.6193 
3 16 -101.375 0 246.9689 -102.2191 0 246.6193 -101.375 -0.375 246.9689 
3 16 -102.2191 -0.375 246.6193 -103.125 0 246.5 -103.125 -0.375 246.5 
3 16 -102.2191 0 246.6193 -103.125 0 246.5 -102.2191 -0.375 246.6193 
3 16 -103.125 -0.375 246.5 -104.0309 0 246.6193 -104.0309 -0.375 246.6193 
3 16 -103.125 0 246.5 -104.0309 0 246.6193 -103.125 -0.375 246.5 
3 16 -104.0309 -0.375 246.6193 -104.875 0 246.9689 -104.875 -0.375 246.9689 
3 16 -104.0309 0 246.6193 -104.875 0 246.9689 -104.0309 -0.375 246.6193 
3 16 -104.875 -0.375 246.9689 -105.5999 0 247.5251 -105.5999 -0.375 247.5251 
3 16 -105.5999 -0.375 247.5251 -105.5999 0 247.5251 -106.1561 -0.375 248.25 
3 16 -104.875 0 246.9689 -105.5999 0 247.5251 -104.875 -0.375 246.9689 
3 16 -105.5999 0 247.5251 -106.1561 0 248.25 -106.1561 -0.375 248.25 
3 16 -106.1561 -0.375 248.25 -106.5057 0 249.0941 -106.5057 -0.375 249.0941 
3 16 -106.1561 0 248.25 -106.5057 0 249.0941 -106.1561 -0.375 248.25 
3 16 -106.5057 -0.375 249.0941 -106.625 0 250 -106.625 -0.375 250 
3 16 -106.5057 0 249.0941 -106.625 0 250 -106.5057 -0.375 249.0941 
3 16 -89 -1.75 230 -90.2557 -0.375 230.9059 -88.9276 -1.75 230.55 
3 16 -90.375 -0.375 230 -90.2557 -0.375 230.9059 -89 -1.75 230 
3 16 -88.9276 -1.75 230.55 -89.9061 -0.375 231.75 -88.7153 -1.75 231.0625 
3 16 -90.2557 -0.375 230.9059 -89.9061 -0.375 231.75 -88.9276 -1.75 230.55 
3 16 -88.7153 -1.75 231.0625 -89.3499 -0.375 232.4749 -88.3776 -1.75 231.5026 
3 16 -89.9061 -0.375 231.75 -89.3499 -0.375 232.4749 -88.7153 -1.75 231.0625 
3 16 -88.3776 -1.75 231.5026 -88.625 -0.375 233.0311 -87.9375 -1.75 231.8403 
3 16 -89.3499 -0.375 232.4749 -88.625 -0.375 233.0311 -88.3776 -1.75 231.5026 
3 16 -87.9375 -1.75 231.8403 -87.7809 -0.375 233.3807 -87.425 -1.75 232.0526 
3 16 -88.625 -0.375 233.0311 -87.7809 -0.375 233.3807 -87.9375 -1.75 231.8403 
3 16 -87.425 -1.75 232.0526 -86.875 -0.375 233.5 -86.875 -1.75 232.125 
3 16 -87.7809 -0.375 233.3807 -86.875 -0.375 233.5 -87.425 -1.75 232.0526 
3 16 -86.875 -1.75 232.125 -85.9691 -0.375 233.3807 -86.325 -1.75 232.0526 
3 16 -86.875 -0.375 233.5 -85.9691 -0.375 233.3807 -86.875 -1.75 232.125 
3 16 -86.325 -1.75 232.0526 -85.125 -0.375 233.0311 -85.8125 -1.75 231.8403 
3 16 -85.9691 -0.375 233.3807 -85.125 -0.375 233.0311 -86.325 -1.75 232.0526 
3 16 -85.8125 -1.75 231.8403 -84.4001 -0.375 232.4749 -85.3724 -1.75 231.5026 
3 16 -85.125 -0.375 233.0311 -84.4001 -0.375 232.4749 -85.8125 -1.75 231.8403 
3 16 -85.3724 -1.75 231.5026 -83.8439 -0.375 231.75 -85.0347 -1.75 231.0625 
3 16 -84.4001 -0.375 232.4749 -83.8439 -0.375 231.75 -85.3724 -1.75 231.5026 
3 16 -85.0347 -1.75 231.0625 -83.4943 -0.375 230.9059 -84.8224 -1.75 230.55 
3 16 -83.8439 -0.375 231.75 -83.4943 -0.375 230.9059 -85.0347 -1.75 231.0625 
3 16 -83.4943 -0.375 230.9059 -83.375 -0.375 230 -84.8224 -1.75 230.55 
3 16 -84.8224 -1.75 230.55 -83.375 -0.375 230 -84.75 -1.75 230 
3 16 -83.375 -0.375 230 -83.4943 -0.375 229.0941 -84.75 -1.75 230 
3 16 -84.75 -1.75 230 -83.4943 -0.375 229.0941 -84.8224 -1.75 229.45 
3 16 -84.8224 -1.75 229.45 -83.4943 -0.375 229.0941 -85.0347 -1.75 228.9375 
3 16 -83.4943 -0.375 229.0941 -83.8439 -0.375 228.25 -85.0347 -1.75 228.9375 
3 16 -83.8439 -0.375 228.25 -84.4001 -0.375 227.5251 -85.0347 -1.75 228.9375 
3 16 -85.0347 -1.75 228.9375 -84.4001 -0.375 227.5251 -85.3724 -1.75 228.4974 
3 16 -85.3724 -1.75 228.4974 -84.4001 -0.375 227.5251 -85.8125 -1.75 228.1597 
3 16 -84.4001 -0.375 227.5251 -85.125 -0.375 226.9689 -85.8125 -1.75 228.1597 
3 16 -85.8125 -1.75 228.1597 -85.9691 -0.375 226.6193 -86.325 -1.75 227.9474 
3 16 -86.325 -1.75 227.9474 -85.9691 -0.375 226.6193 -86.875 -1.75 227.875 
3 16 -85.125 -0.375 226.9689 -85.9691 -0.375 226.6193 -85.8125 -1.75 228.1597 
3 16 -85.9691 -0.375 226.6193 -86.875 -0.375 226.5 -86.875 -1.75 227.875 
3 16 -86.875 -1.75 227.875 -87.7809 -0.375 226.6193 -87.425 -1.75 227.9474 
3 16 -86.875 -0.375 226.5 -87.7809 -0.375 226.6193 -86.875 -1.75 227.875 
3 16 -87.425 -1.75 227.9474 -88.625 -0.375 226.9689 -87.9375 -1.75 228.1597 
3 16 -87.9375 -1.75 228.1597 -88.625 -0.375 226.9689 -88.3776 -1.75 228.4974 
3 16 -87.7809 -0.375 226.6193 -88.625 -0.375 226.9689 -87.425 -1.75 227.9474 
3 16 -88.3776 -1.75 228.4974 -89.3499 -0.375 227.5251 -88.7153 -1.75 228.9375 
3 16 -88.625 -0.375 226.9689 -89.3499 -0.375 227.5251 -88.3776 -1.75 228.4974 
3 16 -89.3499 -0.375 227.5251 -89.9061 -0.375 228.25 -88.7153 -1.75 228.9375 
3 16 -88.7153 -1.75 228.9375 -90.2557 -0.375 229.0941 -88.9276 -1.75 229.45 
3 16 -89.9061 -0.375 228.25 -90.2557 -0.375 229.0941 -88.7153 -1.75 228.9375 
3 16 -90.2557 -0.375 229.0941 -90.375 -0.375 230 -88.9276 -1.75 229.45 
3 16 -88.9276 -1.75 229.45 -90.375 -0.375 230 -89 -1.75 230 
3 16 -72.75 -1.75 250 -74.0057 -0.375 250.9059 -72.6776 -1.75 250.55 
3 16 -74.125 -0.375 250 -74.0057 -0.375 250.9059 -72.75 -1.75 250 
3 16 -72.6776 -1.75 250.55 -73.6561 -0.375 251.75 -72.4653 -1.75 251.0625 
3 16 -74.0057 -0.375 250.9059 -73.6561 -0.375 251.75 -72.6776 -1.75 250.55 
3 16 -72.4653 -1.75 251.0625 -73.0999 -0.375 252.4749 -72.1276 -1.75 251.5026 
3 16 -73.6561 -0.375 251.75 -73.0999 -0.375 252.4749 -72.4653 -1.75 251.0625 
3 16 -72.1276 -1.75 251.5026 -72.375 -0.375 253.0311 -71.6875 -1.75 251.8403 
3 16 -73.0999 -0.375 252.4749 -72.375 -0.375 253.0311 -72.1276 -1.75 251.5026 
3 16 -71.6875 -1.75 251.8403 -71.5309 -0.375 253.3807 -71.175 -1.75 252.0526 
3 16 -72.375 -0.375 253.0311 -71.5309 -0.375 253.3807 -71.6875 -1.75 251.8403 
3 16 -71.175 -1.75 252.0526 -70.625 -0.375 253.5 -70.625 -1.75 252.125 
3 16 -71.5309 -0.375 253.3807 -70.625 -0.375 253.5 -71.175 -1.75 252.0526 
3 16 -70.625 -1.75 252.125 -69.7191 -0.375 253.3807 -70.075 -1.75 252.0526 
3 16 -70.625 -0.375 253.5 -69.7191 -0.375 253.3807 -70.625 -1.75 252.125 
3 16 -70.075 -1.75 252.0526 -68.875 -0.375 253.0311 -69.5625 -1.75 251.8403 
3 16 -69.7191 -0.375 253.3807 -68.875 -0.375 253.0311 -70.075 -1.75 252.0526 
3 16 -69.5625 -1.75 251.8403 -68.1501 -0.375 252.4749 -69.1224 -1.75 251.5026 
3 16 -68.875 -0.375 253.0311 -68.1501 -0.375 252.4749 -69.5625 -1.75 251.8403 
3 16 -69.1224 -1.75 251.5026 -67.5939 -0.375 251.75 -68.7847 -1.75 251.0625 
3 16 -68.1501 -0.375 252.4749 -67.5939 -0.375 251.75 -69.1224 -1.75 251.5026 
3 16 -68.7847 -1.75 251.0625 -67.2443 -0.375 250.9059 -68.5724 -1.75 250.55 
3 16 -67.5939 -0.375 251.75 -67.2443 -0.375 250.9059 -68.7847 -1.75 251.0625 
3 16 -67.2443 -0.375 250.9059 -67.125 -0.375 250 -68.5724 -1.75 250.55 
3 16 -68.5724 -1.75 250.55 -67.125 -0.375 250 -68.5 -1.75 250 
3 16 -68.5 -1.75 250 -67.125 -0.375 250 -68.5724 -1.75 249.45 
3 16 -67.125 -0.375 250 -67.2443 -0.375 249.0941 -68.5724 -1.75 249.45 
3 16 -67.2443 -0.375 249.0941 -67.5939 -0.375 248.25 -68.5724 -1.75 249.45 
3 16 -68.5724 -1.75 249.45 -67.5939 -0.375 248.25 -68.7847 -1.75 248.9375 
3 16 -67.5939 -0.375 248.25 -68.1501 -0.375 247.5251 -68.7847 -1.75 248.9375 
3 16 -68.7847 -1.75 248.9375 -68.1501 -0.375 247.5251 -69.1224 -1.75 248.4974 
3 16 -69.1224 -1.75 248.4974 -68.1501 -0.375 247.5251 -69.5625 -1.75 248.1597 
3 16 -68.1501 -0.375 247.5251 -68.875 -0.375 246.9689 -69.5625 -1.75 248.1597 
3 16 -69.5625 -1.75 248.1597 -69.7191 -0.375 246.6193 -70.075 -1.75 247.9474 
3 16 -68.875 -0.375 246.9689 -69.7191 -0.375 246.6193 -69.5625 -1.75 248.1597 
3 16 -70.075 -1.75 247.9474 -70.625 -0.375 246.5 -70.625 -1.75 247.875 
3 16 -70.625 -1.75 247.875 -70.625 -0.375 246.5 -71.175 -1.75 247.9474 
3 16 -69.7191 -0.375 246.6193 -70.625 -0.375 246.5 -70.075 -1.75 247.9474 
3 16 -70.625 -0.375 246.5 -71.5309 -0.375 246.6193 -71.175 -1.75 247.9474 
3 16 -71.175 -1.75 247.9474 -72.375 -0.375 246.9689 -71.6875 -1.75 248.1597 
3 16 -71.5309 -0.375 246.6193 -72.375 -0.375 246.9689 -71.175 -1.75 247.9474 
3 16 -71.6875 -1.75 248.1597 -73.0999 -0.375 247.5251 -72.1276 -1.75 248.4974 
3 16 -72.375 -0.375 246.9689 -73.0999 -0.375 247.5251 -71.6875 -1.75 248.1597 
3 16 -72.1276 -1.75 248.4974 -73.6561 -0.375 248.25 -72.4653 -1.75 248.9375 
3 16 -73.0999 -0.375 247.5251 -73.6561 -0.375 248.25 -72.1276 -1.75 248.4974 
3 16 -72.4653 -1.75 248.9375 -74.0057 -0.375 249.0941 -72.6776 -1.75 249.45 
3 16 -73.6561 -0.375 248.25 -74.0057 -0.375 249.0941 -72.4653 -1.75 248.9375 
3 16 -72.6776 -1.75 249.45 -74.125 -0.375 250 -72.75 -1.75 250 
3 16 -74.0057 -0.375 249.0941 -74.125 -0.375 250 -72.6776 -1.75 249.45 
3 16 -105.25 -1.75 250 -106.5057 -0.375 250.9059 -105.1776 -1.75 250.55 
3 16 -106.625 -0.375 250 -106.5057 -0.375 250.9059 -105.25 -1.75 250 
3 16 -105.1776 -1.75 250.55 -106.1561 -0.375 251.75 -104.9653 -1.75 251.0625 
3 16 -106.5057 -0.375 250.9059 -106.1561 -0.375 251.75 -105.1776 -1.75 250.55 
3 16 -104.9653 -1.75 251.0625 -105.5999 -0.375 252.4749 -104.6276 -1.75 251.5026 
3 16 -106.1561 -0.375 251.75 -105.5999 -0.375 252.4749 -104.9653 -1.75 251.0625 
3 16 -104.6276 -1.75 251.5026 -104.875 -0.375 253.0311 -104.1875 -1.75 251.8403 
3 16 -105.5999 -0.375 252.4749 -104.875 -0.375 253.0311 -104.6276 -1.75 251.5026 
3 16 -104.1875 -1.75 251.8403 -104.0309 -0.375 253.3807 -103.675 -1.75 252.0526 
3 16 -104.875 -0.375 253.0311 -104.0309 -0.375 253.3807 -104.1875 -1.75 251.8403 
3 16 -103.675 -1.75 252.0526 -103.125 -0.375 253.5 -103.125 -1.75 252.125 
3 16 -104.0309 -0.375 253.3807 -103.125 -0.375 253.5 -103.675 -1.75 252.0526 
3 16 -103.125 -1.75 252.125 -102.2191 -0.375 253.3807 -102.575 -1.75 252.0526 
3 16 -103.125 -0.375 253.5 -102.2191 -0.375 253.3807 -103.125 -1.75 252.125 
3 16 -102.575 -1.75 252.0526 -101.375 -0.375 253.0311 -102.0625 -1.75 251.8403 
3 16 -102.2191 -0.375 253.3807 -101.375 -0.375 253.0311 -102.575 -1.75 252.0526 
3 16 -102.0625 -1.75 251.8403 -100.6501 -0.375 252.4749 -101.6224 -1.75 251.5026 
3 16 -101.375 -0.375 253.0311 -100.6501 -0.375 252.4749 -102.0625 -1.75 251.8403 
3 16 -101.6224 -1.75 251.5026 -100.0939 -0.375 251.75 -101.2847 -1.75 251.0625 
3 16 -100.6501 -0.375 252.4749 -100.0939 -0.375 251.75 -101.6224 -1.75 251.5026 
3 16 -101.2847 -1.75 251.0625 -99.7443 -0.375 250.9059 -101.0724 -1.75 250.55 
3 16 -100.0939 -0.375 251.75 -99.7443 -0.375 250.9059 -101.2847 -1.75 251.0625 
3 16 -99.7443 -0.375 250.9059 -99.625 -0.375 250 -101.0724 -1.75 250.55 
3 16 -101.0724 -1.75 250.55 -99.625 -0.375 250 -101 -1.75 250 
3 16 -99.625 -0.375 250 -99.7443 -0.375 249.0941 -101 -1.75 250 
3 16 -101 -1.75 250 -99.7443 -0.375 249.0941 -101.0724 -1.75 249.45 
3 16 -101.0724 -1.75 249.45 -99.7443 -0.375 249.0941 -101.2847 -1.75 248.9375 
3 16 -99.7443 -0.375 249.0941 -100.0939 -0.375 248.25 -101.2847 -1.75 248.9375 
3 16 -100.0939 -0.375 248.25 -100.6501 -0.375 247.5251 -101.2847 -1.75 248.9375 
3 16 -101.2847 -1.75 248.9375 -100.6501 -0.375 247.5251 -101.6224 -1.75 248.4974 
3 16 -101.6224 -1.75 248.4974 -100.6501 -0.375 247.5251 -102.0625 -1.75 248.1597 
3 16 -100.6501 -0.375 247.5251 -101.375 -0.375 246.9689 -102.0625 -1.75 248.1597 
3 16 -102.0625 -1.75 248.1597 -102.2191 -0.375 246.6193 -102.575 -1.75 247.9474 
3 16 -102.575 -1.75 247.9474 -102.2191 -0.375 246.6193 -103.125 -1.75 247.875 
3 16 -101.375 -0.375 246.9689 -102.2191 -0.375 246.6193 -102.0625 -1.75 248.1597 
3 16 -102.2191 -0.375 246.6193 -103.125 -0.375 246.5 -103.125 -1.75 247.875 
3 16 -103.125 -1.75 247.875 -104.0309 -0.375 246.6193 -103.675 -1.75 247.9474 
3 16 -103.125 -0.375 246.5 -104.0309 -0.375 246.6193 -103.125 -1.75 247.875 
3 16 -103.675 -1.75 247.9474 -104.875 -0.375 246.9689 -104.1875 -1.75 248.1597 
3 16 -104.1875 -1.75 248.1597 -104.875 -0.375 246.9689 -104.6276 -1.75 248.4974 
3 16 -104.0309 -0.375 246.6193 -104.875 -0.375 246.9689 -103.675 -1.75 247.9474 
3 16 -104.6276 -1.75 248.4974 -105.5999 -0.375 247.5251 -104.9653 -1.75 248.9375 
3 16 -104.875 -0.375 246.9689 -105.5999 -0.375 247.5251 -104.6276 -1.75 248.4974 
3 16 -105.5999 -0.375 247.5251 -106.1561 -0.375 248.25 -104.9653 -1.75 248.9375 
3 16 -104.9653 -1.75 248.9375 -106.5057 -0.375 249.0941 -105.1776 -1.75 249.45 
3 16 -106.1561 -0.375 248.25 -106.5057 -0.375 249.0941 -104.9653 -1.75 248.9375 
3 16 -106.5057 -0.375 249.0941 -106.625 -0.375 250 -105.1776 -1.75 249.45 
3 16 -105.1776 -1.75 249.45 -106.625 -0.375 250 -105.25 -1.75 250 
2 24 -146.875 -4 235.75 -146.875 -2 235.75 
2 24 -146.875 -2 235.75 -144.875 -2 235.75 
2 24 -144.875 -2 235.75 -144.875 -4 235.75 
2 24 -144.875 -4 235.75 -146.875 -4 235.75 
2 24 -146.875 -2 226.25 -146.875 -2 235.75 
2 24 -146.875 -4 226.25 -146.875 -2 226.25 
2 24 -146.875 -4 224.25 -146.875 -4 226.25 
2 24 -146.875 -4 224.25 -146.875 0 224.25 
2 24 -146.875 0 247.25 -146.875 0 224.25 
2 24 -146.875 -4 247.25 -146.875 0 247.25 
2 24 -146.875 -4 247.25 -146.875 -4 235.75 
2 24 -144.875 -2 235.75 -144.875 -2 245.25 
2 24 -144.875 -2 245.25 -121.125 -2 245.25 
2 24 -121.125 -2 245.25 -121.125 -2 253.75 
2 24 -121.125 -2 253.75 -87.875 -2 253.75 
2 24 -87.875 -2 253.75 -87.875 -2 235.75 
2 24 -87.875 -2 235.75 -85.875 -2 235.75 
2 24 -85.875 -2 235.75 -85.875 -2 253.75 
2 24 -85.875 -2 253.75 -52.625 -2 253.75 
2 24 -52.625 -2 253.75 -52.625 -2 245.25 
2 24 -52.625 -2 245.25 -28.875 -2 245.25 
2 24 -28.875 -2 245.25 -28.875 -2 235.75 
2 24 -28.875 -2 235.75 -26.875 -2 235.75 
2 24 -26.875 -2 235.75 -26.875 -2 226.25 
2 24 -26.875 -2 226.25 -58.875 -2 226.25 
2 24 -58.875 -2 226.25 -58.875 -2 224.25 
2 24 -58.875 -2 224.25 -68.125 -2 224.25 
2 24 -68.125 -2 224.25 -68.125 -2 243.25 
2 24 -68.125 -2 243.25 -70.125 -2 243.25 
2 24 -70.125 -2 243.25 -70.125 -2 226.25 
2 24 -70.125 -2 226.25 -103.625 -2 226.25 
2 24 -103.625 -2 226.25 -103.625 -2 243.25 
2 24 -103.625 -2 243.25 -105.625 -2 243.25 
2 24 -105.625 -2 243.25 -105.625 -2 224.25 
2 24 -105.625 -2 224.25 -114.875 -2 224.25 
2 24 -114.875 -2 224.25 -114.875 -2 226.25 
2 24 -114.875 -2 226.25 -146.875 -2 226.25 
2 24 -89 -2 230 -88.9276 -2 230.55 
2 24 -88.9276 -2 230.55 -88.7153 -2 231.0625 
2 24 -88.7153 -2 231.0625 -88.3776 -2 231.5026 
2 24 -88.3776 -2 231.5026 -87.9375 -2 231.8403 
2 24 -87.9375 -2 231.8403 -87.425 -2 232.0526 
2 24 -87.425 -2 232.0526 -86.875 -2 232.125 
2 24 -86.875 -2 232.125 -86.325 -2 232.0526 
2 24 -86.325 -2 232.0526 -85.8125 -2 231.8403 
2 24 -85.8125 -2 231.8403 -85.3724 -2 231.5026 
2 24 -85.3724 -2 231.5026 -85.0347 -2 231.0625 
2 24 -85.0347 -2 231.0625 -84.8224 -2 230.55 
2 24 -84.8224 -2 230.55 -84.75 -2 230 
2 24 -84.75 -2 230 -84.8224 -2 229.45 
2 24 -84.8224 -2 229.45 -85.0347 -2 228.9375 
2 24 -85.0347 -2 228.9375 -85.3724 -2 228.4974 
2 24 -85.3724 -2 228.4974 -85.8125 -2 228.1597 
2 24 -85.8125 -2 228.1597 -86.325 -2 227.9474 
2 24 -86.325 -2 227.9474 -86.875 -2 227.875 
2 24 -86.875 -2 227.875 -87.425 -2 227.9474 
2 24 -87.425 -2 227.9474 -87.9375 -2 228.1597 
2 24 -87.9375 -2 228.1597 -88.3776 -2 228.4974 
2 24 -88.3776 -2 228.4974 -88.7153 -2 228.9375 
2 24 -88.7153 -2 228.9375 -88.9276 -2 229.45 
2 24 -88.9276 -2 229.45 -89 -2 230 
2 24 -72.75 -2 250 -72.6776 -2 250.55 
2 24 -72.6776 -2 250.55 -72.4653 -2 251.0625 
2 24 -72.4653 -2 251.0625 -72.1276 -2 251.5026 
2 24 -72.1276 -2 251.5026 -71.6875 -2 251.8403 
2 24 -71.6875 -2 251.8403 -71.175 -2 252.0526 
2 24 -71.175 -2 252.0526 -70.625 -2 252.125 
2 24 -70.625 -2 252.125 -70.075 -2 252.0526 
2 24 -70.075 -2 252.0526 -69.5625 -2 251.8403 
2 24 -69.5625 -2 251.8403 -69.1224 -2 251.5026 
2 24 -69.1224 -2 251.5026 -68.7847 -2 251.0625 
2 24 -68.7847 -2 251.0625 -68.5724 -2 250.55 
2 24 -68.5724 -2 250.55 -68.5 -2 250 
2 24 -68.5 -2 250 -68.5724 -2 249.45 
2 24 -68.5724 -2 249.45 -68.7847 -2 248.9375 
2 24 -68.7847 -2 248.9375 -69.1224 -2 248.4974 
2 24 -69.1224 -2 248.4974 -69.5625 -2 248.1597 
2 24 -69.5625 -2 248.1597 -70.075 -2 247.9474 
2 24 -70.075 -2 247.9474 -70.625 -2 247.875 
2 24 -70.625 -2 247.875 -71.175 -2 247.9474 
2 24 -71.175 -2 247.9474 -71.6875 -2 248.1597 
2 24 -71.6875 -2 248.1597 -72.1276 -2 248.4974 
2 24 -72.1276 -2 248.4974 -72.4653 -2 248.9375 
2 24 -72.4653 -2 248.9375 -72.6776 -2 249.45 
2 24 -72.6776 -2 249.45 -72.75 -2 250 
2 24 -105.25 -2 250 -105.1776 -2 250.55 
2 24 -105.1776 -2 250.55 -104.9653 -2 251.0625 
2 24 -104.9653 -2 251.0625 -104.6276 -2 251.5026 
2 24 -104.6276 -2 251.5026 -104.1875 -2 251.8403 
2 24 -104.1875 -2 251.8403 -103.675 -2 252.0526 
2 24 -103.675 -2 252.0526 -103.125 -2 252.125 
2 24 -103.125 -2 252.125 -102.575 -2 252.0526 
2 24 -102.575 -2 252.0526 -102.0625 -2 251.8403 
2 24 -102.0625 -2 251.8403 -101.6224 -2 251.5026 
2 24 -101.6224 -2 251.5026 -101.2847 -2 251.0625 
2 24 -101.2847 -2 251.0625 -101.0724 -2 250.55 
2 24 -101.0724 -2 250.55 -101 -2 250 
2 24 -101 -2 250 -101.0724 -2 249.45 
2 24 -101.0724 -2 249.45 -101.2847 -2 248.9375 
2 24 -101.2847 -2 248.9375 -101.6224 -2 248.4974 
2 24 -101.6224 -2 248.4974 -102.0625 -2 248.1597 
2 24 -102.0625 -2 248.1597 -102.575 -2 247.9474 
2 24 -102.575 -2 247.9474 -103.125 -2 247.875 
2 24 -103.125 -2 247.875 -103.675 -2 247.9474 
2 24 -103.675 -2 247.9474 -104.1875 -2 248.1597 
2 24 -104.1875 -2 248.1597 -104.6276 -2 248.4974 
2 24 -104.6276 -2 248.4974 -104.9653 -2 248.9375 
2 24 -104.9653 -2 248.9375 -105.1776 -2 249.45 
2 24 -105.1776 -2 249.45 -105.25 -2 250 
2 24 -144.875 -4 235.75 -144.875 -4 245.25 
2 24 -144.875 -4 245.25 -144.875 -2 245.25 
2 24 -146.875 -4 247.25 -123.125 -4 247.25 
2 24 -123.125 -4 247.25 -123.125 -4 255.75 
2 24 -50.625 -4 255.75 -123.125 -4 255.75 
2 24 -50.625 -4 255.75 -50.625 -4 247.25 
2 24 -50.625 -4 247.25 -26.875 -4 247.25 
2 24 -26.875 -4 235.75 -26.875 -4 247.25 
2 24 -26.875 -4 235.75 -28.875 -4 235.75 
2 24 -28.875 -4 245.25 -28.875 -4 235.75 
2 24 -52.625 -4 245.25 -28.875 -4 245.25 
2 24 -52.625 -4 253.75 -52.625 -4 245.25 
2 24 -85.875 -4 253.75 -52.625 -4 253.75 
2 24 -85.875 -4 253.75 -85.875 -4 235.75 
2 24 -85.875 -4 235.75 -87.875 -4 235.75 
2 24 -87.875 -4 235.75 -87.875 -4 253.75 
2 24 -121.125 -4 253.75 -87.875 -4 253.75 
2 24 -121.125 -4 245.25 -121.125 -4 253.75 
2 24 -144.875 -4 245.25 -121.125 -4 245.25 
2 24 -114.875 -4 226.25 -114.875 -2 226.25 
2 24 -114.875 -4 226.25 -146.875 -4 226.25 
2 24 -114.875 -4 226.25 -114.875 -4 224.25 
2 24 -114.875 -4 224.25 -146.875 -4 224.25 
2 24 -146.875 0 224.25 -26.875 0 224.25 
2 24 -114.875 -4 224.25 -114.875 -2 224.25 
2 24 -105.625 -4 224.25 -105.625 -2 224.25 
2 24 -68.125 -4 224.25 -105.625 -4 224.25 
2 24 -68.125 -4 224.25 -68.125 -2 224.25 
2 24 -58.875 -4 224.25 -58.875 -2 224.25 
2 24 -26.875 -4 224.25 -58.875 -4 224.25 
2 24 -26.875 0 224.25 -26.875 -4 224.25 
2 24 -146.875 0 247.25 -123.125 0 247.25 
2 24 -123.125 0 247.25 -123.125 0 255.75 
2 24 -50.625 0 255.75 -123.125 0 255.75 
2 24 -50.625 0 255.75 -50.625 0 247.25 
2 24 -50.625 0 247.25 -26.875 0 247.25 
2 24 -26.875 0 224.25 -26.875 0 247.25 
2 24 -90.375 0 230 -90.2557 0 230.9059 
2 24 -90.2557 0 230.9059 -89.9061 0 231.75 
2 24 -89.9061 0 231.75 -89.3499 0 232.4749 
2 24 -89.3499 0 232.4749 -88.625 0 233.0311 
2 24 -88.625 0 233.0311 -87.7809 0 233.3807 
2 24 -87.7809 0 233.3807 -86.875 0 233.5 
2 24 -86.875 0 233.5 -85.9691 0 233.3807 
2 24 -85.9691 0 233.3807 -85.125 0 233.0311 
2 24 -85.125 0 233.0311 -84.4001 0 232.4749 
2 24 -84.4001 0 232.4749 -83.8439 0 231.75 
2 24 -83.8439 0 231.75 -83.4943 0 230.9059 
2 24 -83.4943 0 230.9059 -83.375 0 230 
2 24 -83.375 0 230 -83.4943 0 229.0941 
2 24 -83.4943 0 229.0941 -83.8439 0 228.25 
2 24 -83.8439 0 228.25 -84.4001 0 227.5251 
2 24 -84.4001 0 227.5251 -85.125 0 226.9689 
2 24 -85.125 0 226.9689 -85.9691 0 226.6193 
2 24 -85.9691 0 226.6193 -86.875 0 226.5 
2 24 -86.875 0 226.5 -87.7809 0 226.6193 
2 24 -87.7809 0 226.6193 -88.625 0 226.9689 
2 24 -88.625 0 226.9689 -89.3499 0 227.5251 
2 24 -89.3499 0 227.5251 -89.9061 0 228.25 
2 24 -89.9061 0 228.25 -90.2557 0 229.0941 
2 24 -90.2557 0 229.0941 -90.375 0 230 
2 24 -74.125 0 250 -74.0057 0 250.9059 
2 24 -74.0057 0 250.9059 -73.6561 0 251.75 
2 24 -73.6561 0 251.75 -73.0999 0 252.4749 
2 24 -73.0999 0 252.4749 -72.375 0 253.0311 
2 24 -72.375 0 253.0311 -71.5309 0 253.3807 
2 24 -71.5309 0 253.3807 -70.625 0 253.5 
2 24 -70.625 0 253.5 -69.7191 0 253.3807 
2 24 -69.7191 0 253.3807 -68.875 0 253.0311 
2 24 -68.875 0 253.0311 -68.1501 0 252.4749 
2 24 -68.1501 0 252.4749 -67.5939 0 251.75 
2 24 -67.5939 0 251.75 -67.2443 0 250.9059 
2 24 -67.2443 0 250.9059 -67.125 0 250 
2 24 -67.125 0 250 -67.2443 0 249.0941 
2 24 -67.2443 0 249.0941 -67.5939 0 248.25 
2 24 -67.5939 0 248.25 -68.1501 0 247.5251 
2 24 -68.1501 0 247.5251 -68.875 0 246.9689 
2 24 -68.875 0 246.9689 -69.7191 0 246.6193 
2 24 -69.7191 0 246.6193 -70.625 0 246.5 
2 24 -70.625 0 246.5 -71.5309 0 246.6193 
2 24 -71.5309 0 246.6193 -72.375 0 246.9689 
2 24 -72.375 0 246.9689 -73.0999 0 247.5251 
2 24 -73.0999 0 247.5251 -73.6561 0 248.25 
2 24 -73.6561 0 248.25 -74.0057 0 249.0941 
2 24 -74.0057 0 249.0941 -74.125 0 250 
2 24 -106.625 0 250 -106.5057 0 250.9059 
2 24 -106.5057 0 250.9059 -106.1561 0 251.75 
2 24 -106.1561 0 251.75 -105.5999 0 252.4749 
2 24 -105.5999 0 252.4749 -104.875 0 253.0311 
2 24 -104.875 0 253.0311 -104.0309 0 253.3807 
2 24 -104.0309 0 253.3807 -103.125 0 253.5 
2 24 -103.125 0 253.5 -102.2191 0 253.3807 
2 24 -102.2191 0 253.3807 -101.375 0 253.0311 
2 24 -101.375 0 253.0311 -100.6501 0 252.4749 
2 24 -100.6501 0 252.4749 -100.0939 0 251.75 
2 24 -100.0939 0 251.75 -99.7443 0 250.9059 
2 24 -99.7443 0 250.9059 -99.625 0 250 
2 24 -99.625 0 250 -99.7443 0 249.0941 
2 24 -99.7443 0 249.0941 -100.0939 0 248.25 
2 24 -100.0939 0 248.25 -100.6501 0 247.5251 
2 24 -100.6501 0 247.5251 -101.375 0 246.9689 
2 24 -101.375 0 246.9689 -102.2191 0 246.6193 
2 24 -102.2191 0 246.6193 -103.125 0 246.5 
2 24 -103.125 0 246.5 -104.0309 0 246.6193 
2 24 -104.0309 0 246.6193 -104.875 0 246.9689 
2 24 -104.875 0 246.9689 -105.5999 0 247.5251 
2 24 -105.5999 0 247.5251 -106.1561 0 248.25 
2 24 -106.1561 0 248.25 -106.5057 0 249.0941 
2 24 -106.5057 0 249.0941 -106.625 0 250 
2 24 -123.125 -4 247.25 -123.125 0 247.25 
2 24 -121.125 -2 245.25 -121.125 -4 245.25 
2 24 -105.625 -4 243.25 -105.625 -2 243.25 
2 24 -105.625 -4 243.25 -105.625 -4 224.25 
2 24 -121.125 -4 253.75 -121.125 -2 253.75 
2 24 -105.625 -4 243.25 -103.625 -4 243.25 
2 24 -103.625 -4 243.25 -103.625 -2 243.25 
2 24 -87.875 -2 253.75 -87.875 -4 253.75 
2 24 -103.625 -4 243.25 -103.625 -4 226.25 
2 24 -103.625 -4 226.25 -103.625 -2 226.25 
2 24 -87.875 -4 235.75 -87.875 -2 235.75 
2 24 -103.625 -4 226.25 -70.125 -4 226.25 
2 24 -70.125 -2 226.25 -70.125 -4 226.25 
2 24 -85.875 -4 235.75 -85.875 -2 235.75 
2 24 -70.125 -4 226.25 -70.125 -4 243.25 
2 24 -70.125 -4 243.25 -70.125 -2 243.25 
2 24 -85.875 -4 253.75 -85.875 -2 253.75 
2 24 -70.125 -4 243.25 -68.125 -4 243.25 
2 24 -68.125 -4 243.25 -68.125 -2 243.25 
2 24 -52.625 -4 253.75 -52.625 -2 253.75 
2 24 -68.125 -4 243.25 -68.125 -4 224.25 
2 24 -52.625 -4 245.25 -52.625 -2 245.25 
2 24 -28.875 -4 245.25 -28.875 -2 245.25 
2 24 -58.875 -4 226.25 -58.875 -2 226.25 
2 24 -58.875 -4 226.25 -58.875 -4 224.25 
2 24 -28.875 -4 235.75 -28.875 -2 235.75 
2 24 -58.875 -4 226.25 -26.875 -4 226.25 
2 24 -26.875 -4 226.25 -26.875 -2 226.25 
2 24 -26.875 -4 235.75 -26.875 -2 235.75 
2 24 -26.875 -4 224.25 -26.875 -4 226.25 
2 24 -26.875 -4 247.25 -26.875 0 247.25 
2 24 -89 -2 230 -89 -2 230 
2 24 -89 -2 230 -89 -2 230 
2 24 -89 -2 230 -89 -2 230 
2 24 -89 -2 230 -89 -2 230 
2 24 -89 -2 230 -89 -1.75 230 
2 24 -89 -1.75 230 -89 -1.75 230 
2 24 -89 -1.75 230 -89 -1.75 230 
2 24 -89 -1.75 230 -89 -1.75 230 
2 24 -89 -1.75 230 -89 -1.75 230 
2 24 -89 -1.75 230 -89 -1.75 230 
2 24 -89 -1.75 230 -88.9276 -1.75 230.55 
2 24 -88.9276 -1.75 230.55 -88.7153 -1.75 231.0625 
2 24 -88.7153 -1.75 231.0625 -88.3776 -1.75 231.5026 
2 24 -88.3776 -1.75 231.5026 -87.9375 -1.75 231.8403 
2 24 -87.9375 -1.75 231.8403 -87.425 -1.75 232.0526 
2 24 -87.425 -1.75 232.0526 -86.875 -1.75 232.125 
2 24 -86.875 -1.75 232.125 -86.325 -1.75 232.0526 
2 24 -86.325 -1.75 232.0526 -85.8125 -1.75 231.8403 
2 24 -85.8125 -1.75 231.8403 -85.3724 -1.75 231.5026 
2 24 -85.3724 -1.75 231.5026 -85.0347 -1.75 231.0625 
2 24 -85.0347 -1.75 231.0625 -84.8224 -1.75 230.55 
2 24 -84.8224 -1.75 230.55 -84.75 -1.75 230 
2 24 -84.75 -1.75 230 -84.8224 -1.75 229.45 
2 24 -84.8224 -1.75 229.45 -85.0347 -1.75 228.9375 
2 24 -85.0347 -1.75 228.9375 -85.3724 -1.75 228.4974 
2 24 -85.3724 -1.75 228.4974 -85.8125 -1.75 228.1597 
2 24 -85.8125 -1.75 228.1597 -86.325 -1.75 227.9474 
2 24 -86.325 -1.75 227.9474 -86.875 -1.75 227.875 
2 24 -86.875 -1.75 227.875 -87.425 -1.75 227.9474 
2 24 -87.425 -1.75 227.9474 -87.9375 -1.75 228.1597 
2 24 -87.9375 -1.75 228.1597 -88.3776 -1.75 228.4974 
2 24 -88.3776 -1.75 228.4974 -88.7153 -1.75 228.9375 
2 24 -88.7153 -1.75 228.9375 -88.9276 -1.75 229.45 
2 24 -88.9276 -1.75 229.45 -89 -1.75 230 
2 24 -72.75 -2 250 -72.75 -2 250 
2 24 -72.75 -2 250 -72.75 -2 250 
2 24 -72.75 -2 250 -72.75 -2 250 
2 24 -72.75 -2 250 -72.75 -2 250 
2 24 -72.75 -2 250 -72.75 -1.75 250 
2 24 -72.75 -1.75 250 -72.75 -1.75 250 
2 24 -72.75 -1.75 250 -72.75 -1.75 250 
2 24 -72.75 -1.75 250 -72.75 -1.75 250 
2 24 -72.75 -1.75 250 -72.75 -1.75 250 
2 24 -72.75 -1.75 250 -72.75 -1.75 250 
2 24 -72.75 -1.75 250 -72.6776 -1.75 250.55 
2 24 -72.6776 -1.75 250.55 -72.4653 -1.75 251.0625 
2 24 -72.4653 -1.75 251.0625 -72.1276 -1.75 251.5026 
2 24 -72.1276 -1.75 251.5026 -71.6875 -1.75 251.8403 
2 24 -71.6875 -1.75 251.8403 -71.175 -1.75 252.0526 
2 24 -71.175 -1.75 252.0526 -70.625 -1.75 252.125 
2 24 -70.625 -1.75 252.125 -70.075 -1.75 252.0526 
2 24 -70.075 -1.75 252.0526 -69.5625 -1.75 251.8403 
2 24 -69.5625 -1.75 251.8403 -69.1224 -1.75 251.5026 
2 24 -69.1224 -1.75 251.5026 -68.7847 -1.75 251.0625 
2 24 -68.7847 -1.75 251.0625 -68.5724 -1.75 250.55 
2 24 -68.5724 -1.75 250.55 -68.5 -1.75 250 
2 24 -68.5 -1.75 250 -68.5724 -1.75 249.45 
2 24 -68.5724 -1.75 249.45 -68.7847 -1.75 248.9375 
2 24 -68.7847 -1.75 248.9375 -69.1224 -1.75 248.4974 
2 24 -69.1224 -1.75 248.4974 -69.5625 -1.75 248.1597 
2 24 -69.5625 -1.75 248.1597 -70.075 -1.75 247.9474 
2 24 -70.075 -1.75 247.9474 -70.625 -1.75 247.875 
2 24 -70.625 -1.75 247.875 -71.175 -1.75 247.9474 
2 24 -71.175 -1.75 247.9474 -71.6875 -1.75 248.1597 
2 24 -71.6875 -1.75 248.1597 -72.1276 -1.75 248.4974 
2 24 -72.1276 -1.75 248.4974 -72.4653 -1.75 248.9375 
2 24 -72.4653 -1.75 248.9375 -72.6776 -1.75 249.45 
2 24 -72.6776 -1.75 249.45 -72.75 -1.75 250 
2 24 -105.25 -2 250 -105.25 -2 250 
2 24 -105.25 -2 250 -105.25 -2 250 
2 24 -105.25 -2 250 -105.25 -2 250 
2 24 -105.25 -2 250 -105.25 -2 250 
2 24 -105.25 -2 250 -105.25 -1.75 250 
2 24 -105.25 -1.75 250 -105.25 -1.75 250 
2 24 -105.25 -1.75 250 -105.25 -1.75 250 
2 24 -105.25 -1.75 250 -105.25 -1.75 250 
2 24 -105.25 -1.75 250 -105.25 -1.75 250 
2 24 -105.25 -1.75 250 -105.25 -1.75 250 
2 24 -105.25 -1.75 250 -105.1776 -1.75 250.55 
2 24 -105.1776 -1.75 250.55 -104.9653 -1.75 251.0625 
2 24 -104.9653 -1.75 251.0625 -104.6276 -1.75 251.5026 
2 24 -104.6276 -1.75 251.5026 -104.1875 -1.75 251.8403 
2 24 -104.1875 -1.75 251.8403 -103.675 -1.75 252.0526 
2 24 -103.675 -1.75 252.0526 -103.125 -1.75 252.125 
2 24 -103.125 -1.75 252.125 -102.575 -1.75 252.0526 
2 24 -102.575 -1.75 252.0526 -102.0625 -1.75 251.8403 
2 24 -102.0625 -1.75 251.8403 -101.6224 -1.75 251.5026 
2 24 -101.6224 -1.75 251.5026 -101.2847 -1.75 251.0625 
2 24 -101.2847 -1.75 251.0625 -101.0724 -1.75 250.55 
2 24 -101.0724 -1.75 250.55 -101 -1.75 250 
2 24 -101 -1.75 250 -101.0724 -1.75 249.45 
2 24 -101.0724 -1.75 249.45 -101.2847 -1.75 248.9375 
2 24 -101.2847 -1.75 248.9375 -101.6224 -1.75 248.4974 
2 24 -101.6224 -1.75 248.4974 -102.0625 -1.75 248.1597 
2 24 -102.0625 -1.75 248.1597 -102.575 -1.75 247.9474 
2 24 -102.575 -1.75 247.9474 -103.125 -1.75 247.875 
2 24 -103.125 -1.75 247.875 -103.675 -1.75 247.9474 
2 24 -103.675 -1.75 247.9474 -104.1875 -1.75 248.1597 
2 24 -104.1875 -1.75 248.1597 -104.6276 -1.75 248.4974 
2 24 -104.6276 -1.75 248.4974 -104.9653 -1.75 248.9375 
2 24 -104.9653 -1.75 248.9375 -105.1776 -1.75 249.45 
2 24 -105.1776 -1.75 249.45 -105.25 -1.75 250 
2 24 -123.125 -4 255.75 -123.125 0 255.75 
2 24 -50.625 -4 255.75 -50.625 0 255.75 
2 24 -50.625 -4 247.25 -50.625 0 247.25 
2 24 -90.375 -0.375 230 -90.2557 -0.375 230.9059 
2 24 -90.2557 -0.375 230.9059 -89.9061 -0.375 231.75 
2 24 -89.9061 -0.375 231.75 -89.3499 -0.375 232.4749 
2 24 -89.3499 -0.375 232.4749 -88.625 -0.375 233.0311 
2 24 -88.625 -0.375 233.0311 -87.7809 -0.375 233.3807 
2 24 -87.7809 -0.375 233.3807 -86.875 -0.375 233.5 
2 24 -86.875 -0.375 233.5 -85.9691 -0.375 233.3807 
2 24 -85.9691 -0.375 233.3807 -85.125 -0.375 233.0311 
2 24 -85.125 -0.375 233.0311 -84.4001 -0.375 232.4749 
2 24 -84.4001 -0.375 232.4749 -83.8439 -0.375 231.75 
2 24 -83.8439 -0.375 231.75 -83.4943 -0.375 230.9059 
2 24 -83.4943 -0.375 230.9059 -83.375 -0.375 230 
2 24 -83.375 -0.375 230 -83.4943 -0.375 229.0941 
2 24 -83.4943 -0.375 229.0941 -83.8439 -0.375 228.25 
2 24 -83.8439 -0.375 228.25 -84.4001 -0.375 227.5251 
2 24 -84.4001 -0.375 227.5251 -85.125 -0.375 226.9689 
2 24 -85.125 -0.375 226.9689 -85.9691 -0.375 226.6193 
2 24 -85.9691 -0.375 226.6193 -86.875 -0.375 226.5 
2 24 -86.875 -0.375 226.5 -87.7809 -0.375 226.6193 
2 24 -87.7809 -0.375 226.6193 -88.625 -0.375 226.9689 
2 24 -88.625 -0.375 226.9689 -89.3499 -0.375 227.5251 
2 24 -89.3499 -0.375 227.5251 -89.9061 -0.375 228.25 
2 24 -89.9061 -0.375 228.25 -90.2557 -0.375 229.0941 
2 24 -90.2557 -0.375 229.0941 -90.375 -0.375 230 
2 24 -90.375 -0.375 230 -90.375 -0.375 230 
2 24 -90.375 -0.375 230 -90.375 -0.375 230 
2 24 -90.375 -0.375 230 -90.375 -0.375 230 
2 24 -90.375 -0.375 230 -90.375 -0.375 230 
2 24 -90.375 -0.375 230 -90.375 0 230 
2 24 -90.375 0 230 -90.375 0 230 
2 24 -90.375 0 230 -90.375 0 230 
2 24 -90.375 0 230 -90.375 0 230 
2 24 -90.375 0 230 -90.375 0 230 
2 24 -90.375 0 230 -90.375 0 230 
2 24 -74.125 -0.375 250 -74.0057 -0.375 250.9059 
2 24 -74.0057 -0.375 250.9059 -73.6561 -0.375 251.75 
2 24 -73.6561 -0.375 251.75 -73.0999 -0.375 252.4749 
2 24 -73.0999 -0.375 252.4749 -72.375 -0.375 253.0311 
2 24 -72.375 -0.375 253.0311 -71.5309 -0.375 253.3807 
2 24 -71.5309 -0.375 253.3807 -70.625 -0.375 253.5 
2 24 -70.625 -0.375 253.5 -69.7191 -0.375 253.3807 
2 24 -69.7191 -0.375 253.3807 -68.875 -0.375 253.0311 
2 24 -68.875 -0.375 253.0311 -68.1501 -0.375 252.4749 
2 24 -68.1501 -0.375 252.4749 -67.5939 -0.375 251.75 
2 24 -67.5939 -0.375 251.75 -67.2443 -0.375 250.9059 
2 24 -67.2443 -0.375 250.9059 -67.125 -0.375 250 
2 24 -67.125 -0.375 250 -67.2443 -0.375 249.0941 
2 24 -67.2443 -0.375 249.0941 -67.5939 -0.375 248.25 
2 24 -67.5939 -0.375 248.25 -68.1501 -0.375 247.5251 
2 24 -68.1501 -0.375 247.5251 -68.875 -0.375 246.9689 
2 24 -68.875 -0.375 246.9689 -69.7191 -0.375 246.6193 
2 24 -69.7191 -0.375 246.6193 -70.625 -0.375 246.5 
2 24 -70.625 -0.375 246.5 -71.5309 -0.375 246.6193 
2 24 -71.5309 -0.375 246.6193 -72.375 -0.375 246.9689 
2 24 -72.375 -0.375 246.9689 -73.0999 -0.375 247.5251 
2 24 -73.0999 -0.375 247.5251 -73.6561 -0.375 248.25 
2 24 -73.6561 -0.375 248.25 -74.0057 -0.375 249.0941 
2 24 -74.0057 -0.375 249.0941 -74.125 -0.375 250 
2 24 -74.125 -0.375 250 -74.125 -0.375 250 
2 24 -74.125 -0.375 250 -74.125 -0.375 250 
2 24 -74.125 -0.375 250 -74.125 -0.375 250 
2 24 -74.125 -0.375 250 -74.125 -0.375 250 
2 24 -74.125 -0.375 250 -74.125 0 250 
2 24 -74.125 0 250 -74.125 0 250 
2 24 -74.125 0 250 -74.125 0 250 
2 24 -74.125 0 250 -74.125 0 250 
2 24 -74.125 0 250 -74.125 0 250 
2 24 -74.125 0 250 -74.125 0 250 
2 24 -106.625 -0.375 250 -106.5057 -0.375 250.9059 
2 24 -106.5057 -0.375 250.9059 -106.1561 -0.375 251.75 
2 24 -106.1561 -0.375 251.75 -105.5999 -0.375 252.4749 
2 24 -105.5999 -0.375 252.4749 -104.875 -0.375 253.0311 
2 24 -104.875 -0.375 253.0311 -104.0309 -0.375 253.3807 
2 24 -104.0309 -0.375 253.3807 -103.125 -0.375 253.5 
2 24 -103.125 -0.375 253.5 -102.2191 -0.375 253.3807 
2 24 -102.2191 -0.375 253.3807 -101.375 -0.375 253.0311 
2 24 -101.375 -0.375 253.0311 -100.6501 -0.375 252.4749 
2 24 -100.6501 -0.375 252.4749 -100.0939 -0.375 251.75 
2 24 -100.0939 -0.375 251.75 -99.7443 -0.375 250.9059 
2 24 -99.7443 -0.375 250.9059 -99.625 -0.375 250 
2 24 -99.625 -0.375 250 -99.7443 -0.375 249.0941 
2 24 -99.7443 -0.375 249.0941 -100.0939 -0.375 248.25 
2 24 -100.0939 -0.375 248.25 -100.6501 -0.375 247.5251 
2 24 -100.6501 -0.375 247.5251 -101.375 -0.375 246.9689 
2 24 -101.375 -0.375 246.9689 -102.2191 -0.375 246.6193 
2 24 -102.2191 -0.375 246.6193 -103.125 -0.375 246.5 
2 24 -103.125 -0.375 246.5 -104.0309 -0.375 246.6193 
2 24 -104.0309 -0.375 246.6193 -104.875 -0.375 246.9689 
2 24 -104.875 -0.375 246.9689 -105.5999 -0.375 247.5251 
2 24 -105.5999 -0.375 247.5251 -106.1561 -0.375 248.25 
2 24 -106.1561 -0.375 248.25 -106.5057 -0.375 249.0941 
2 24 -106.5057 -0.375 249.0941 -106.625 -0.375 250 
2 24 -106.625 -0.375 250 -106.625 -0.375 250 
2 24 -106.625 -0.375 250 -106.625 -0.375 250 
2 24 -106.625 -0.375 250 -106.625 -0.375 250 
2 24 -106.625 -0.375 250 -106.625 -0.375 250 
2 24 -106.625 -0.375 250 -106.625 0 250 
2 24 -106.625 0 250 -106.625 0 250 
2 24 -106.625 0 250 -106.625 0 250 
2 24 -106.625 0 250 -106.625 0 250 
2 24 -106.625 0 250 -106.625 0 250 
2 24 -106.625 0 250 -106.625 0 250 
2 24 -89 -1.75 230 -89 -1.75 230 
2 24 -89 -1.75 230 -89 -1.75 230 
2 24 -89 -1.75 230 -89.4125 -1.3375 230 
2 24 -89.4125 -1.3375 230 -89.55 -1.2 230 
2 24 -89.55 -1.2 230 -89.6875 -1.0625 230 
2 24 -89.6875 -1.0625 230 -89.825 -0.925 230 
2 24 -89.825 -0.925 230 -89.9625 -0.7875 230 
2 24 -89.9625 -0.7875 230 -90.375 -0.375 230 
2 24 -90.375 -0.375 230 -90.375 -0.375 230 
2 24 -90.375 -0.375 230 -90.375 -0.375 230 
2 24 -72.75 -1.75 250 -72.75 -1.75 250 
2 24 -72.75 -1.75 250 -72.75 -1.75 250 
2 24 -72.75 -1.75 250 -73.1625 -1.3375 250 
2 24 -73.1625 -1.3375 250 -73.3 -1.2 250 
2 24 -73.3 -1.2 250 -73.4375 -1.0625 250 
2 24 -73.4375 -1.0625 250 -73.575 -0.925 250 
2 24 -73.575 -0.925 250 -73.7125 -0.7875 250 
2 24 -73.7125 -0.7875 250 -74.125 -0.375 250 
2 24 -74.125 -0.375 250 -74.125 -0.375 250 
2 24 -74.125 -0.375 250 -74.125 -0.375 250 
2 24 -105.25 -1.75 250 -105.25 -1.75 250 
2 24 -105.25 -1.75 250 -105.25 -1.75 250 
2 24 -105.25 -1.75 250 -105.6625 -1.3375 250 
2 24 -105.6625 -1.3375 250 -105.8 -1.2 250 
2 24 -105.8 -1.2 250 -105.9375 -1.0625 250 
2 24 -105.9375 -1.0625 250 -106.075 -0.925 250 
2 24 -106.075 -0.925 250 -106.2125 -0.7875 250 
2 24 -106.2125 -0.7875 250 -106.625 -0.375 250 
2 24 -106.625 -0.375 250 -106.625 -0.375 250 
2 24 -106.625 -0.375 250 -106.625 -0.375 250 
0 NOFILE
