0 FxTrack RCover1.dat
0 FILE RCover1.dat
0 Name: RCover1.dat
0 Author: Fx Bricks
0 !LDRAW_ORG Unofficial_Part
0 !LICENSE Redistributable under CCAL version 4.0 BY-NC-SA
0 // Copyright 2020 Fx Bricks Inc.
0 BFC CERTIFY CCW
3 16 144.875 -4 324.25 146.875 -4 324.25 146.875 -2 324.25 
3 16 144.875 -4 324.25 146.875 -2 324.25 144.875 -2 324.25 
3 16 146.875 -4 335.75 146.875 -2 333.75 146.875 0 335.75 
3 16 146.875 -4 335.75 146.875 -4 333.75 146.875 -2 333.75 
3 16 146.875 -2 333.75 146.875 -2 324.25 146.875 0 335.75 
3 16 146.875 -2 324.25 146.875 0 312.75 146.875 0 335.75 
3 16 146.875 -4 324.25 146.875 -4 312.75 146.875 -2 324.25 
3 16 146.875 -2 324.25 146.875 -4 312.75 146.875 0 312.75 
3 16 26.875 -2 324.25 28.875 -2 324.25 26.875 -2 333.75 
3 16 28.875 -2 324.25 58.875 -2 333.75 26.875 -2 333.75 
3 16 58.875 -2 333.75 68.125 -2 335.75 58.875 -2 335.75 
3 16 28.875 -2 314.75 52.625 -2 314.75 28.875 -2 324.25 
3 16 28.875 -2 324.25 52.625 -2 314.75 58.875 -2 333.75 
3 16 52.625 -2 314.75 68.125 -2 316.75 58.875 -2 333.75 
3 16 70.125 -2 333.75 85.0347 -2 331.0625 85.3724 -2 331.5026 
3 16 85.3724 -2 331.5026 85.8125 -2 331.8403 70.125 -2 333.75 
3 16 70.125 -2 333.75 84.8224 -2 330.55 85.0347 -2 331.0625 
3 16 70.125 -2 333.75 84.75 -2 330 84.8224 -2 330.55 
3 16 70.125 -2 333.75 84.8224 -2 329.45 84.75 -2 330 
3 16 70.125 -2 316.75 85.0347 -2 328.9375 70.125 -2 333.75 
3 16 70.125 -2 333.75 85.0347 -2 328.9375 84.8224 -2 329.45 
3 16 69.1224 -2 311.5026 69.5625 -2 311.8403 68.125 -2 316.75 
3 16 68.125 -2 316.75 68.7847 -2 311.0625 69.1224 -2 311.5026 
3 16 68.125 -2 316.75 70.075 -2 312.0526 70.125 -2 316.75 
3 16 69.5625 -2 311.8403 70.075 -2 312.0526 68.125 -2 316.75 
3 16 52.625 -2 314.75 68.5724 -2 310.55 68.125 -2 316.75 
3 16 68.125 -2 316.75 68.5724 -2 310.55 68.7847 -2 311.0625 
3 16 70.075 -2 312.0526 70.625 -2 312.125 70.125 -2 316.75 
3 16 52.625 -2 306.25 68.5 -2 310 52.625 -2 314.75 
3 16 52.625 -2 314.75 68.5 -2 310 68.5724 -2 310.55 
3 16 70.625 -2 312.125 71.175 -2 312.0526 70.125 -2 316.75 
3 16 52.625 -2 306.25 68.5724 -2 309.45 68.5 -2 310 
3 16 71.175 -2 312.0526 71.6875 -2 311.8403 70.125 -2 316.75 
3 16 52.625 -2 306.25 68.7847 -2 308.9375 68.5724 -2 309.45 
3 16 71.6875 -2 311.8403 72.1276 -2 311.5026 70.125 -2 316.75 
3 16 52.625 -2 306.25 69.1224 -2 308.4974 68.7847 -2 308.9375 
3 16 52.625 -2 306.25 69.5625 -2 308.1597 69.1224 -2 308.4974 
3 16 70.125 -2 316.75 85.875 -2 324.25 85.0347 -2 328.9375 
3 16 86.325 -2 327.9474 85.875 -2 324.25 86.875 -2 327.875 
3 16 85.8125 -2 328.1597 85.875 -2 324.25 86.325 -2 327.9474 
3 16 85.3724 -2 328.4974 85.875 -2 324.25 85.8125 -2 328.1597 
3 16 85.0347 -2 328.9375 85.875 -2 324.25 85.3724 -2 328.4974 
3 16 72.4653 -2 311.0625 85.875 -2 324.25 72.1276 -2 311.5026 
3 16 72.1276 -2 311.5026 85.875 -2 324.25 70.125 -2 316.75 
3 16 52.625 -2 306.25 70.075 -2 307.9474 69.5625 -2 308.1597 
3 16 52.625 -2 306.25 70.625 -2 307.875 70.075 -2 307.9474 
3 16 85.875 -2 324.25 87.875 -2 324.25 86.875 -2 327.875 
3 16 88.3776 -2 328.4974 87.875 -2 324.25 88.7153 -2 328.9375 
3 16 87.9375 -2 328.1597 87.875 -2 324.25 88.3776 -2 328.4974 
3 16 87.425 -2 327.9474 87.875 -2 324.25 87.9375 -2 328.1597 
3 16 86.875 -2 327.875 87.875 -2 324.25 87.425 -2 327.9474 
3 16 88.3776 -2 331.5026 103.625 -2 333.75 87.9375 -2 331.8403 
3 16 88.7153 -2 331.0625 103.625 -2 333.75 88.3776 -2 331.5026 
3 16 88.9276 -2 330.55 103.625 -2 333.75 88.7153 -2 331.0625 
3 16 89 -2 330 103.625 -2 333.75 88.9276 -2 330.55 
3 16 88.9276 -2 329.45 103.625 -2 333.75 89 -2 330 
3 16 88.7153 -2 328.9375 103.625 -2 333.75 88.9276 -2 329.45 
3 16 72.4653 -2 311.0625 85.875 -2 306.25 85.875 -2 324.25 
3 16 72.6776 -2 310.55 85.875 -2 306.25 72.4653 -2 311.0625 
3 16 72.75 -2 310 85.875 -2 306.25 72.6776 -2 310.55 
3 16 72.6776 -2 309.45 85.875 -2 306.25 72.75 -2 310 
3 16 72.4653 -2 308.9375 85.875 -2 306.25 72.6776 -2 309.45 
3 16 72.1276 -2 308.4974 85.875 -2 306.25 72.4653 -2 308.9375 
3 16 71.6875 -2 308.1597 85.875 -2 306.25 72.1276 -2 308.4974 
3 16 71.175 -2 307.9474 85.875 -2 306.25 71.6875 -2 308.1597 
3 16 70.625 -2 307.875 85.875 -2 306.25 71.175 -2 307.9474 
3 16 105.625 -2 335.75 114.875 -2 333.75 114.875 -2 335.75 
3 16 88.7153 -2 328.9375 103.625 -2 316.75 103.625 -2 333.75 
3 16 87.875 -2 324.25 103.625 -2 316.75 88.7153 -2 328.9375 
3 16 87.875 -2 324.25 101.6224 -2 311.5026 103.625 -2 316.75 
3 16 101.6224 -2 311.5026 102.0625 -2 311.8403 103.625 -2 316.75 
3 16 87.875 -2 306.25 101.2847 -2 311.0625 87.875 -2 324.25 
3 16 87.875 -2 324.25 101.2847 -2 311.0625 101.6224 -2 311.5026 
3 16 102.0625 -2 311.8403 102.575 -2 312.0526 103.625 -2 316.75 
3 16 87.875 -2 306.25 101.0724 -2 310.55 101.2847 -2 311.0625 
3 16 102.575 -2 312.0526 103.125 -2 312.125 103.625 -2 316.75 
3 16 87.875 -2 306.25 101 -2 310 101.0724 -2 310.55 
3 16 103.625 -2 316.75 103.675 -2 312.0526 105.625 -2 316.75 
3 16 103.125 -2 312.125 103.675 -2 312.0526 103.625 -2 316.75 
3 16 87.875 -2 306.25 101.0724 -2 309.45 101 -2 310 
3 16 103.675 -2 312.0526 104.1875 -2 311.8403 105.625 -2 316.75 
3 16 87.875 -2 306.25 101.2847 -2 308.9375 101.0724 -2 309.45 
3 16 87.875 -2 306.25 101.6224 -2 308.4974 101.2847 -2 308.9375 
3 16 104.1875 -2 311.8403 104.6276 -2 311.5026 105.625 -2 316.75 
3 16 104.6276 -2 311.5026 104.9653 -2 311.0625 105.625 -2 316.75 
3 16 87.875 -2 306.25 102.0625 -2 308.1597 101.6224 -2 308.4974 
3 16 87.875 -2 306.25 102.575 -2 307.9474 102.0625 -2 308.1597 
3 16 104.9653 -2 311.0625 105.1776 -2 310.55 105.625 -2 316.75 
3 16 87.875 -2 306.25 103.125 -2 307.875 102.575 -2 307.9474 
3 16 105.625 -2 316.75 121.125 -2 314.75 114.875 -2 333.75 
3 16 105.1776 -2 310.55 121.125 -2 314.75 105.625 -2 316.75 
3 16 105.25 -2 310 121.125 -2 314.75 105.1776 -2 310.55 
3 16 105.25 -2 310 121.125 -2 306.25 121.125 -2 314.75 
3 16 105.1776 -2 309.45 121.125 -2 306.25 105.25 -2 310 
3 16 104.9653 -2 308.9375 121.125 -2 306.25 105.1776 -2 309.45 
3 16 104.6276 -2 308.4974 121.125 -2 306.25 104.9653 -2 308.9375 
3 16 104.1875 -2 308.1597 121.125 -2 306.25 104.6276 -2 308.4974 
3 16 103.675 -2 307.9474 121.125 -2 306.25 104.1875 -2 308.1597 
3 16 103.125 -2 307.875 121.125 -2 306.25 103.675 -2 307.9474 
3 16 114.875 -2 333.75 144.875 -2 324.25 146.875 -2 333.75 
3 16 121.125 -2 314.75 144.875 -2 324.25 114.875 -2 333.75 
3 16 144.875 -2 324.25 146.875 -2 324.25 146.875 -2 333.75 
3 16 121.125 -2 314.75 144.875 -2 314.75 144.875 -2 324.25 
3 16 87.875 -2 306.25 121.125 -2 306.25 103.125 -2 307.875 
3 16 52.625 -2 306.25 85.875 -2 306.25 70.625 -2 307.875 
3 16 68.125 -2 316.75 68.125 -2 335.75 58.875 -2 333.75 
3 16 103.625 -2 333.75 70.125 -2 333.75 86.875 -2 332.125 
3 16 103.625 -2 333.75 86.875 -2 332.125 87.425 -2 332.0526 
3 16 103.625 -2 333.75 87.425 -2 332.0526 87.9375 -2 331.8403 
3 16 86.875 -2 332.125 70.125 -2 333.75 86.325 -2 332.0526 
3 16 86.325 -2 332.0526 70.125 -2 333.75 85.8125 -2 331.8403 
3 16 105.625 -2 335.75 105.625 -2 316.75 114.875 -2 333.75 
3 16 144.875 -4 314.75 144.875 -4 324.25 144.875 -2 324.25 
3 16 144.875 -4 314.75 144.875 -2 324.25 144.875 -2 314.75 
3 16 26.875 -4 324.25 28.875 -4 314.75 28.875 -4 324.25 
3 16 26.875 -4 324.25 26.875 -4 312.75 28.875 -4 314.75 
3 16 50.625 -4 304.25 52.625 -4 306.25 50.625 -4 312.75 
3 16 50.625 -4 312.75 52.625 -4 306.25 52.625 -4 314.75 
3 16 50.625 -4 304.25 85.875 -4 306.25 52.625 -4 306.25 
3 16 85.875 -4 306.25 87.875 -4 306.25 85.875 -4 324.25 
3 16 85.875 -4 324.25 87.875 -4 306.25 87.875 -4 324.25 
3 16 121.125 -4 314.75 121.125 -4 306.25 123.125 -4 312.75 
3 16 87.875 -4 306.25 123.125 -4 304.25 121.125 -4 306.25 
3 16 121.125 -4 306.25 123.125 -4 304.25 123.125 -4 312.75 
3 16 144.875 -4 324.25 144.875 -4 314.75 146.875 -4 324.25 
3 16 144.875 -4 314.75 146.875 -4 312.75 146.875 -4 324.25 
3 16 123.125 -4 312.75 146.875 -4 312.75 144.875 -4 314.75 
3 16 50.625 -4 304.25 123.125 -4 304.25 85.875 -4 306.25 
3 16 85.875 -4 306.25 123.125 -4 304.25 87.875 -4 306.25 
3 16 26.875 -4 312.75 50.625 -4 312.75 28.875 -4 314.75 
3 16 28.875 -4 314.75 50.625 -4 312.75 52.625 -4 314.75 
3 16 144.875 -4 314.75 121.125 -4 314.75 123.125 -4 312.75 
3 16 146.875 -4 333.75 114.875 -4 333.75 146.875 -2 333.75 
3 16 146.875 -2 333.75 114.875 -4 333.75 114.875 -2 333.75 
3 16 114.875 -4 333.75 146.875 -4 333.75 114.875 -4 335.75 
3 16 114.875 -4 335.75 146.875 -4 333.75 146.875 -4 335.75 
3 16 26.875 -4 335.75 58.875 -2 335.75 26.875 0 335.75 
3 16 26.875 -4 335.75 58.875 -4 335.75 58.875 -2 335.75 
3 16 58.875 -2 335.75 68.125 -2 335.75 26.875 0 335.75 
3 16 68.125 -4 335.75 105.625 -4 335.75 68.125 -2 335.75 
3 16 68.125 -2 335.75 105.625 -4 335.75 105.625 -2 335.75 
3 16 114.875 -2 335.75 146.875 0 335.75 105.625 -2 335.75 
3 16 105.625 -2 335.75 146.875 0 335.75 68.125 -2 335.75 
3 16 68.125 -2 335.75 146.875 0 335.75 26.875 0 335.75 
3 16 114.875 -4 335.75 146.875 -4 335.75 114.875 -2 335.75 
3 16 114.875 -2 335.75 146.875 -4 335.75 146.875 0 335.75 
3 16 50.625 0 312.75 26.875 0 312.75 26.875 0 335.75 
3 16 83.8439 0 331.75 26.875 0 335.75 84.4001 0 332.4749 
3 16 85.125 0 333.0311 84.4001 0 332.4749 26.875 0 335.75 
3 16 85.9691 0 333.3807 85.125 0 333.0311 26.875 0 335.75 
3 16 83.4943 0 330.9059 50.625 0 312.75 26.875 0 335.75 
3 16 83.4943 0 330.9059 26.875 0 335.75 83.8439 0 331.75 
3 16 86.875 0 333.5 85.9691 0 333.3807 26.875 0 335.75 
3 16 67.5939 0 311.75 50.625 0 312.75 68.1501 0 312.4749 
3 16 68.875 0 313.0311 68.1501 0 312.4749 50.625 0 312.75 
3 16 68.875 0 313.0311 50.625 0 312.75 83.4943 0 330.9059 
3 16 67.2443 0 310.9059 50.625 0 312.75 67.5939 0 311.75 
3 16 69.7191 0 313.3807 83.4943 0 330.9059 83.375 0 330 
3 16 69.7191 0 313.3807 68.875 0 313.0311 83.4943 0 330.9059 
3 16 70.625 0 313.5 69.7191 0 313.3807 83.375 0 330 
3 16 70.625 0 313.5 83.375 0 330 83.4943 0 329.0941 
3 16 67.125 0 310 50.625 0 304.25 50.625 0 312.75 
3 16 67.125 0 310 50.625 0 312.75 67.2443 0 310.9059 
3 16 67.2443 0 309.0941 50.625 0 304.25 67.125 0 310 
3 16 71.5309 0 313.3807 83.4943 0 329.0941 83.8439 0 328.25 
3 16 71.5309 0 313.3807 70.625 0 313.5 83.4943 0 329.0941 
3 16 72.375 0 313.0311 83.8439 0 328.25 84.4001 0 327.5251 
3 16 72.375 0 313.0311 71.5309 0 313.3807 83.8439 0 328.25 
3 16 67.5939 0 308.25 50.625 0 304.25 67.2443 0 309.0941 
3 16 73.0999 0 312.4749 72.375 0 313.0311 84.4001 0 327.5251 
3 16 73.0999 0 312.4749 84.4001 0 327.5251 85.125 0 326.9689 
3 16 68.1501 0 307.5251 50.625 0 304.25 67.5939 0 308.25 
3 16 73.6561 0 311.75 85.125 0 326.9689 85.9691 0 326.6193 
3 16 73.6561 0 311.75 73.0999 0 312.4749 85.125 0 326.9689 
3 16 68.875 0 306.9689 50.625 0 304.25 68.1501 0 307.5251 
3 16 74.0057 0 310.9059 85.9691 0 326.6193 86.875 0 326.5 
3 16 74.0057 0 310.9059 73.6561 0 311.75 85.9691 0 326.6193 
3 16 69.7191 0 306.6193 50.625 0 304.25 68.875 0 306.9689 
3 16 70.625 0 306.5 50.625 0 304.25 69.7191 0 306.6193 
3 16 100.6501 0 312.4749 88.625 0 326.9689 89.3499 0 327.5251 
3 16 101.375 0 313.0311 89.3499 0 327.5251 89.9061 0 328.25 
3 16 101.375 0 313.0311 100.6501 0 312.4749 89.3499 0 327.5251 
3 16 100.0939 0 311.75 87.7809 0 326.6193 88.625 0 326.9689 
3 16 100.0939 0 311.75 88.625 0 326.9689 100.6501 0 312.4749 
3 16 102.2191 0 313.3807 89.9061 0 328.25 90.2557 0 329.0941 
3 16 102.2191 0 313.3807 101.375 0 313.0311 89.9061 0 328.25 
3 16 99.7443 0 310.9059 86.875 0 326.5 87.7809 0 326.6193 
3 16 99.7443 0 310.9059 74.0057 0 310.9059 86.875 0 326.5 
3 16 99.7443 0 310.9059 87.7809 0 326.6193 100.0939 0 311.75 
3 16 103.125 0 313.5 90.2557 0 329.0941 90.375 0 330 
3 16 103.125 0 313.5 102.2191 0 313.3807 90.2557 0 329.0941 
3 16 99.625 0 310 74.0057 0 310.9059 99.7443 0 310.9059 
3 16 99.625 0 310 74.125 0 310 74.0057 0 310.9059 
3 16 99.7443 0 309.0941 74.0057 0 309.0941 74.125 0 310 
3 16 99.7443 0 309.0941 74.125 0 310 99.625 0 310 
3 16 104.0309 0 313.3807 90.375 0 330 90.2557 0 330.9059 
3 16 104.0309 0 313.3807 103.125 0 313.5 90.375 0 330 
3 16 104.875 0 313.0311 104.0309 0 313.3807 90.2557 0 330.9059 
3 16 100.0939 0 308.25 74.0057 0 309.0941 99.7443 0 309.0941 
3 16 100.0939 0 308.25 73.6561 0 308.25 74.0057 0 309.0941 
3 16 100.6501 0 307.5251 73.0999 0 307.5251 73.6561 0 308.25 
3 16 100.6501 0 307.5251 73.6561 0 308.25 100.0939 0 308.25 
3 16 101.375 0 306.9689 73.0999 0 307.5251 100.6501 0 307.5251 
3 16 101.375 0 306.9689 72.375 0 306.9689 73.0999 0 307.5251 
3 16 102.2191 0 306.6193 72.375 0 306.9689 101.375 0 306.9689 
3 16 102.2191 0 306.6193 71.5309 0 306.6193 72.375 0 306.9689 
3 16 123.125 0 312.75 104.875 0 313.0311 90.2557 0 330.9059 
3 16 123.125 0 312.75 105.5999 0 312.4749 104.875 0 313.0311 
3 16 123.125 0 312.75 106.1561 0 311.75 105.5999 0 312.4749 
3 16 123.125 0 312.75 106.5057 0 310.9059 106.1561 0 311.75 
3 16 123.125 0 312.75 106.625 0 310 106.5057 0 310.9059 
3 16 146.875 0 335.75 87.7809 0 333.3807 86.875 0 333.5 
3 16 146.875 0 335.75 88.625 0 333.0311 87.7809 0 333.3807 
3 16 146.875 0 335.75 89.3499 0 332.4749 88.625 0 333.0311 
3 16 146.875 0 335.75 89.9061 0 331.75 89.3499 0 332.4749 
3 16 146.875 0 335.75 90.2557 0 330.9059 89.9061 0 331.75 
3 16 146.875 0 335.75 123.125 0 312.75 90.2557 0 330.9059 
3 16 123.125 0 304.25 106.625 0 310 123.125 0 312.75 
3 16 123.125 0 304.25 106.5057 0 309.0941 106.625 0 310 
3 16 123.125 0 304.25 106.1561 0 308.25 106.5057 0 309.0941 
3 16 123.125 0 304.25 105.5999 0 307.5251 106.1561 0 308.25 
3 16 123.125 0 304.25 104.875 0 306.9689 105.5999 0 307.5251 
3 16 123.125 0 304.25 104.0309 0 306.6193 104.875 0 306.9689 
3 16 123.125 0 304.25 103.125 0 306.5 104.0309 0 306.6193 
3 16 146.875 0 312.75 123.125 0 312.75 146.875 0 335.75 
3 16 123.125 0 304.25 50.625 0 304.25 70.625 0 306.5 
3 16 123.125 0 304.25 70.625 0 306.5 71.5309 0 306.6193 
3 16 123.125 0 304.25 71.5309 0 306.6193 103.125 0 306.5 
3 16 103.125 0 306.5 71.5309 0 306.6193 102.2191 0 306.6193 
3 16 26.875 0 335.75 146.875 0 335.75 86.875 0 333.5 
3 16 146.875 -4 312.75 123.125 -4 312.75 146.875 0 312.75 
3 16 146.875 0 312.75 123.125 -4 312.75 123.125 0 312.75 
3 16 114.875 -4 333.75 114.875 -4 335.75 114.875 -2 333.75 
3 16 114.875 -2 333.75 114.875 -4 335.75 114.875 -2 335.75 
3 16 121.125 -4 314.75 144.875 -4 314.75 144.875 -2 314.75 
3 16 121.125 -4 314.75 144.875 -2 314.75 121.125 -2 314.75 
3 16 105.625 -4 335.75 105.625 -4 316.75 105.625 -2 335.75 
3 16 105.625 -2 335.75 105.625 -4 316.75 105.625 -2 316.75 
3 16 121.125 -4 306.25 121.125 -4 314.75 121.125 -2 314.75 
3 16 121.125 -4 306.25 121.125 -2 314.75 121.125 -2 306.25 
3 16 105.625 -4 316.75 103.625 -4 316.75 105.625 -2 316.75 
3 16 105.625 -2 316.75 103.625 -4 316.75 103.625 -2 316.75 
3 16 87.875 -4 306.25 121.125 -4 306.25 121.125 -2 306.25 
3 16 87.875 -4 306.25 121.125 -2 306.25 87.875 -2 306.25 
3 16 103.625 -4 316.75 103.625 -4 333.75 103.625 -2 316.75 
3 16 103.625 -2 316.75 103.625 -4 333.75 103.625 -2 333.75 
3 16 87.875 -4 324.25 87.875 -4 306.25 87.875 -2 324.25 
3 16 87.875 -2 324.25 87.875 -4 306.25 87.875 -2 306.25 
3 16 103.625 -4 333.75 70.125 -4 333.75 103.625 -2 333.75 
3 16 103.625 -2 333.75 70.125 -4 333.75 70.125 -2 333.75 
3 16 85.875 -4 324.25 87.875 -4 324.25 85.875 -2 324.25 
3 16 85.875 -2 324.25 87.875 -4 324.25 87.875 -2 324.25 
3 16 70.125 -4 333.75 70.125 -4 316.75 70.125 -2 333.75 
3 16 70.125 -2 333.75 70.125 -4 316.75 70.125 -2 316.75 
3 16 85.875 -4 306.25 85.875 -4 324.25 85.875 -2 306.25 
3 16 85.875 -2 306.25 85.875 -4 324.25 85.875 -2 324.25 
3 16 70.125 -4 316.75 68.125 -4 316.75 70.125 -2 316.75 
3 16 70.125 -2 316.75 68.125 -4 316.75 68.125 -2 316.75 
3 16 52.625 -4 306.25 85.875 -4 306.25 85.875 -2 306.25 
3 16 52.625 -4 306.25 85.875 -2 306.25 52.625 -2 306.25 
3 16 68.125 -4 316.75 68.125 -4 335.75 68.125 -2 316.75 
3 16 68.125 -2 316.75 68.125 -4 335.75 68.125 -2 335.75 
3 16 52.625 -4 314.75 52.625 -4 306.25 52.625 -2 306.25 
3 16 52.625 -4 314.75 52.625 -2 306.25 52.625 -2 314.75 
3 16 28.875 -4 314.75 52.625 -4 314.75 52.625 -2 314.75 
3 16 28.875 -4 314.75 52.625 -2 314.75 28.875 -2 314.75 
3 16 58.875 -4 335.75 58.875 -4 333.75 58.875 -2 335.75 
3 16 58.875 -2 335.75 58.875 -4 333.75 58.875 -2 333.75 
3 16 28.875 -4 324.25 28.875 -4 314.75 28.875 -2 314.75 
3 16 28.875 -4 324.25 28.875 -2 314.75 28.875 -2 324.25 
3 16 58.875 -4 333.75 26.875 -2 333.75 58.875 -2 333.75 
3 16 58.875 -4 333.75 26.875 -4 333.75 26.875 -2 333.75 
3 16 26.875 -4 324.25 28.875 -4 324.25 28.875 -2 324.25 
3 16 26.875 -4 324.25 28.875 -2 324.25 26.875 -2 324.25 
3 16 26.875 -4 312.75 26.875 -2 324.25 26.875 0 312.75 
3 16 26.875 -4 312.75 26.875 -4 324.25 26.875 -2 324.25 
3 16 26.875 -2 333.75 26.875 0 335.75 26.875 -2 324.25 
3 16 26.875 -2 324.25 26.875 0 335.75 26.875 0 312.75 
3 16 26.875 -4 333.75 26.875 -4 335.75 26.875 -2 333.75 
3 16 26.875 -2 333.75 26.875 -4 335.75 26.875 0 335.75 
3 16 84.75 -2 330 84.8224 -1.75 330.55 84.8224 -2 330.55 
3 16 84.75 -1.75 330 84.8224 -1.75 330.55 84.75 -2 330 
3 16 84.8224 -2 330.55 85.0347 -1.75 331.0625 85.0347 -2 331.0625 
3 16 84.8224 -1.75 330.55 85.0347 -1.75 331.0625 84.8224 -2 330.55 
3 16 85.0347 -2 331.0625 85.3724 -1.75 331.5026 85.3724 -2 331.5026 
3 16 85.0347 -1.75 331.0625 85.3724 -1.75 331.5026 85.0347 -2 331.0625 
3 16 85.3724 -2 331.5026 85.8125 -1.75 331.8403 85.8125 -2 331.8403 
3 16 85.3724 -1.75 331.5026 85.8125 -1.75 331.8403 85.3724 -2 331.5026 
3 16 85.8125 -2 331.8403 86.325 -1.75 332.0526 86.325 -2 332.0526 
3 16 85.8125 -1.75 331.8403 86.325 -1.75 332.0526 85.8125 -2 331.8403 
3 16 86.325 -2 332.0526 86.875 -1.75 332.125 86.875 -2 332.125 
3 16 86.325 -1.75 332.0526 86.875 -1.75 332.125 86.325 -2 332.0526 
3 16 86.875 -2 332.125 87.425 -1.75 332.0526 87.425 -2 332.0526 
3 16 86.875 -1.75 332.125 87.425 -1.75 332.0526 86.875 -2 332.125 
3 16 87.425 -2 332.0526 87.9375 -1.75 331.8403 87.9375 -2 331.8403 
3 16 87.425 -1.75 332.0526 87.9375 -1.75 331.8403 87.425 -2 332.0526 
3 16 87.9375 -2 331.8403 88.3776 -1.75 331.5026 88.3776 -2 331.5026 
3 16 87.9375 -1.75 331.8403 88.3776 -1.75 331.5026 87.9375 -2 331.8403 
3 16 88.3776 -2 331.5026 88.7153 -1.75 331.0625 88.7153 -2 331.0625 
3 16 88.3776 -1.75 331.5026 88.7153 -1.75 331.0625 88.3776 -2 331.5026 
3 16 88.7153 -2 331.0625 88.9276 -1.75 330.55 88.9276 -2 330.55 
3 16 88.7153 -1.75 331.0625 88.9276 -1.75 330.55 88.7153 -2 331.0625 
3 16 88.9276 -1.75 330.55 89 -1.75 330 88.9276 -2 330.55 
3 16 88.9276 -2 330.55 89 -1.75 330 89 -2 330 
3 16 89 -1.75 330 88.9276 -1.75 329.45 89 -2 330 
3 16 89 -2 330 88.9276 -1.75 329.45 88.9276 -2 329.45 
3 16 88.9276 -1.75 329.45 88.7153 -1.75 328.9375 88.9276 -2 329.45 
3 16 88.9276 -2 329.45 88.7153 -1.75 328.9375 88.7153 -2 328.9375 
3 16 88.7153 -2 328.9375 88.3776 -1.75 328.4974 88.3776 -2 328.4974 
3 16 88.7153 -1.75 328.9375 88.3776 -1.75 328.4974 88.7153 -2 328.9375 
3 16 88.3776 -2 328.4974 87.9375 -1.75 328.1597 87.9375 -2 328.1597 
3 16 88.3776 -1.75 328.4974 87.9375 -1.75 328.1597 88.3776 -2 328.4974 
3 16 87.9375 -2 328.1597 87.425 -1.75 327.9474 87.425 -2 327.9474 
3 16 87.9375 -1.75 328.1597 87.425 -1.75 327.9474 87.9375 -2 328.1597 
3 16 87.425 -2 327.9474 86.875 -1.75 327.875 86.875 -2 327.875 
3 16 86.875 -2 327.875 86.875 -1.75 327.875 86.325 -2 327.9474 
3 16 87.425 -1.75 327.9474 86.875 -1.75 327.875 87.425 -2 327.9474 
3 16 86.875 -1.75 327.875 86.325 -1.75 327.9474 86.325 -2 327.9474 
3 16 86.325 -2 327.9474 85.8125 -1.75 328.1597 85.8125 -2 328.1597 
3 16 86.325 -1.75 327.9474 85.8125 -1.75 328.1597 86.325 -2 327.9474 
3 16 85.8125 -2 328.1597 85.3724 -1.75 328.4974 85.3724 -2 328.4974 
3 16 85.8125 -1.75 328.1597 85.3724 -1.75 328.4974 85.8125 -2 328.1597 
3 16 85.3724 -2 328.4974 85.0347 -1.75 328.9375 85.0347 -2 328.9375 
3 16 85.3724 -1.75 328.4974 85.0347 -1.75 328.9375 85.3724 -2 328.4974 
3 16 85.0347 -2 328.9375 84.8224 -1.75 329.45 84.8224 -2 329.45 
3 16 84.8224 -2 329.45 84.8224 -1.75 329.45 84.75 -2 330 
3 16 85.0347 -1.75 328.9375 84.8224 -1.75 329.45 85.0347 -2 328.9375 
3 16 84.8224 -1.75 329.45 84.75 -1.75 330 84.75 -2 330 
3 16 68.5 -2 310 68.5724 -1.75 310.55 68.5724 -2 310.55 
3 16 68.5 -1.75 310 68.5724 -1.75 310.55 68.5 -2 310 
3 16 68.5724 -2 310.55 68.7847 -1.75 311.0625 68.7847 -2 311.0625 
3 16 68.5724 -1.75 310.55 68.7847 -1.75 311.0625 68.5724 -2 310.55 
3 16 68.7847 -2 311.0625 69.1224 -1.75 311.5026 69.1224 -2 311.5026 
3 16 68.7847 -1.75 311.0625 69.1224 -1.75 311.5026 68.7847 -2 311.0625 
3 16 69.1224 -2 311.5026 69.5625 -1.75 311.8403 69.5625 -2 311.8403 
3 16 69.1224 -1.75 311.5026 69.5625 -1.75 311.8403 69.1224 -2 311.5026 
3 16 69.5625 -2 311.8403 70.075 -1.75 312.0526 70.075 -2 312.0526 
3 16 69.5625 -1.75 311.8403 70.075 -1.75 312.0526 69.5625 -2 311.8403 
3 16 70.075 -2 312.0526 70.625 -1.75 312.125 70.625 -2 312.125 
3 16 70.075 -1.75 312.0526 70.625 -1.75 312.125 70.075 -2 312.0526 
3 16 70.625 -2 312.125 71.175 -1.75 312.0526 71.175 -2 312.0526 
3 16 70.625 -1.75 312.125 71.175 -1.75 312.0526 70.625 -2 312.125 
3 16 71.175 -2 312.0526 71.6875 -1.75 311.8403 71.6875 -2 311.8403 
3 16 71.175 -1.75 312.0526 71.6875 -1.75 311.8403 71.175 -2 312.0526 
3 16 71.6875 -2 311.8403 72.1276 -1.75 311.5026 72.1276 -2 311.5026 
3 16 71.6875 -1.75 311.8403 72.1276 -1.75 311.5026 71.6875 -2 311.8403 
3 16 72.1276 -2 311.5026 72.4653 -1.75 311.0625 72.4653 -2 311.0625 
3 16 72.1276 -1.75 311.5026 72.4653 -1.75 311.0625 72.1276 -2 311.5026 
3 16 72.4653 -2 311.0625 72.6776 -1.75 310.55 72.6776 -2 310.55 
3 16 72.4653 -1.75 311.0625 72.6776 -1.75 310.55 72.4653 -2 311.0625 
3 16 72.6776 -1.75 310.55 72.75 -1.75 310 72.6776 -2 310.55 
3 16 72.6776 -2 310.55 72.75 -1.75 310 72.75 -2 310 
3 16 72.75 -1.75 310 72.6776 -1.75 309.45 72.75 -2 310 
3 16 72.75 -2 310 72.6776 -1.75 309.45 72.6776 -2 309.45 
3 16 72.6776 -1.75 309.45 72.4653 -1.75 308.9375 72.6776 -2 309.45 
3 16 72.6776 -2 309.45 72.4653 -1.75 308.9375 72.4653 -2 308.9375 
3 16 72.4653 -2 308.9375 72.1276 -1.75 308.4974 72.1276 -2 308.4974 
3 16 72.4653 -1.75 308.9375 72.1276 -1.75 308.4974 72.4653 -2 308.9375 
3 16 72.1276 -2 308.4974 71.6875 -1.75 308.1597 71.6875 -2 308.1597 
3 16 72.1276 -1.75 308.4974 71.6875 -1.75 308.1597 72.1276 -2 308.4974 
3 16 71.6875 -2 308.1597 71.175 -1.75 307.9474 71.175 -2 307.9474 
3 16 71.6875 -1.75 308.1597 71.175 -1.75 307.9474 71.6875 -2 308.1597 
3 16 71.175 -2 307.9474 70.625 -1.75 307.875 70.625 -2 307.875 
3 16 70.625 -2 307.875 70.625 -1.75 307.875 70.075 -2 307.9474 
3 16 71.175 -1.75 307.9474 70.625 -1.75 307.875 71.175 -2 307.9474 
3 16 70.625 -1.75 307.875 70.075 -1.75 307.9474 70.075 -2 307.9474 
3 16 70.075 -2 307.9474 69.5625 -1.75 308.1597 69.5625 -2 308.1597 
3 16 70.075 -1.75 307.9474 69.5625 -1.75 308.1597 70.075 -2 307.9474 
3 16 69.5625 -2 308.1597 69.1224 -1.75 308.4974 69.1224 -2 308.4974 
3 16 69.5625 -1.75 308.1597 69.1224 -1.75 308.4974 69.5625 -2 308.1597 
3 16 69.1224 -2 308.4974 68.7847 -1.75 308.9375 68.7847 -2 308.9375 
3 16 69.1224 -1.75 308.4974 68.7847 -1.75 308.9375 69.1224 -2 308.4974 
3 16 68.7847 -2 308.9375 68.5724 -1.75 309.45 68.5724 -2 309.45 
3 16 68.5724 -2 309.45 68.5724 -1.75 309.45 68.5 -2 310 
3 16 68.7847 -1.75 308.9375 68.5724 -1.75 309.45 68.7847 -2 308.9375 
3 16 68.5724 -1.75 309.45 68.5 -1.75 310 68.5 -2 310 
3 16 101 -2 310 101.0724 -1.75 310.55 101.0724 -2 310.55 
3 16 101 -1.75 310 101.0724 -1.75 310.55 101 -2 310 
3 16 101.0724 -2 310.55 101.2847 -1.75 311.0625 101.2847 -2 311.0625 
3 16 101.0724 -1.75 310.55 101.2847 -1.75 311.0625 101.0724 -2 310.55 
3 16 101.2847 -2 311.0625 101.6224 -1.75 311.5026 101.6224 -2 311.5026 
3 16 101.2847 -1.75 311.0625 101.6224 -1.75 311.5026 101.2847 -2 311.0625 
3 16 101.6224 -2 311.5026 102.0625 -1.75 311.8403 102.0625 -2 311.8403 
3 16 101.6224 -1.75 311.5026 102.0625 -1.75 311.8403 101.6224 -2 311.5026 
3 16 102.0625 -2 311.8403 102.575 -1.75 312.0526 102.575 -2 312.0526 
3 16 102.0625 -1.75 311.8403 102.575 -1.75 312.0526 102.0625 -2 311.8403 
3 16 102.575 -2 312.0526 103.125 -1.75 312.125 103.125 -2 312.125 
3 16 102.575 -1.75 312.0526 103.125 -1.75 312.125 102.575 -2 312.0526 
3 16 103.125 -2 312.125 103.675 -1.75 312.0526 103.675 -2 312.0526 
3 16 103.125 -1.75 312.125 103.675 -1.75 312.0526 103.125 -2 312.125 
3 16 103.675 -2 312.0526 104.1875 -1.75 311.8403 104.1875 -2 311.8403 
3 16 103.675 -1.75 312.0526 104.1875 -1.75 311.8403 103.675 -2 312.0526 
3 16 104.1875 -2 311.8403 104.6276 -1.75 311.5026 104.6276 -2 311.5026 
3 16 104.1875 -1.75 311.8403 104.6276 -1.75 311.5026 104.1875 -2 311.8403 
3 16 104.6276 -2 311.5026 104.9653 -1.75 311.0625 104.9653 -2 311.0625 
3 16 104.6276 -1.75 311.5026 104.9653 -1.75 311.0625 104.6276 -2 311.5026 
3 16 104.9653 -2 311.0625 105.1776 -1.75 310.55 105.1776 -2 310.55 
3 16 104.9653 -1.75 311.0625 105.1776 -1.75 310.55 104.9653 -2 311.0625 
3 16 105.1776 -1.75 310.55 105.25 -1.75 310 105.1776 -2 310.55 
3 16 105.1776 -2 310.55 105.25 -1.75 310 105.25 -2 310 
3 16 105.25 -1.75 310 105.1776 -1.75 309.45 105.25 -2 310 
3 16 105.25 -2 310 105.1776 -1.75 309.45 105.1776 -2 309.45 
3 16 105.1776 -1.75 309.45 104.9653 -1.75 308.9375 105.1776 -2 309.45 
3 16 105.1776 -2 309.45 104.9653 -1.75 308.9375 104.9653 -2 308.9375 
3 16 104.9653 -2 308.9375 104.6276 -1.75 308.4974 104.6276 -2 308.4974 
3 16 104.9653 -1.75 308.9375 104.6276 -1.75 308.4974 104.9653 -2 308.9375 
3 16 104.6276 -2 308.4974 104.1875 -1.75 308.1597 104.1875 -2 308.1597 
3 16 104.6276 -1.75 308.4974 104.1875 -1.75 308.1597 104.6276 -2 308.4974 
3 16 104.1875 -2 308.1597 103.675 -1.75 307.9474 103.675 -2 307.9474 
3 16 104.1875 -1.75 308.1597 103.675 -1.75 307.9474 104.1875 -2 308.1597 
3 16 103.675 -2 307.9474 103.125 -1.75 307.875 103.125 -2 307.875 
3 16 103.125 -2 307.875 103.125 -1.75 307.875 102.575 -2 307.9474 
3 16 103.675 -1.75 307.9474 103.125 -1.75 307.875 103.675 -2 307.9474 
3 16 103.125 -1.75 307.875 102.575 -1.75 307.9474 102.575 -2 307.9474 
3 16 102.575 -2 307.9474 102.0625 -1.75 308.1597 102.0625 -2 308.1597 
3 16 102.575 -1.75 307.9474 102.0625 -1.75 308.1597 102.575 -2 307.9474 
3 16 102.0625 -2 308.1597 101.6224 -1.75 308.4974 101.6224 -2 308.4974 
3 16 102.0625 -1.75 308.1597 101.6224 -1.75 308.4974 102.0625 -2 308.1597 
3 16 101.6224 -2 308.4974 101.2847 -1.75 308.9375 101.2847 -2 308.9375 
3 16 101.6224 -1.75 308.4974 101.2847 -1.75 308.9375 101.6224 -2 308.4974 
3 16 101.2847 -2 308.9375 101.0724 -1.75 309.45 101.0724 -2 309.45 
3 16 101.0724 -2 309.45 101.0724 -1.75 309.45 101 -2 310 
3 16 101.2847 -1.75 308.9375 101.0724 -1.75 309.45 101.2847 -2 308.9375 
3 16 101.0724 -1.75 309.45 101 -1.75 310 101 -2 310 
3 16 123.125 -4 312.75 123.125 -4 304.25 123.125 0 312.75 
3 16 123.125 0 312.75 123.125 -4 304.25 123.125 0 304.25 
3 16 123.125 -4 304.25 50.625 -4 304.25 123.125 0 304.25 
3 16 123.125 0 304.25 50.625 -4 304.25 50.625 0 304.25 
3 16 50.625 -4 304.25 50.625 -4 312.75 50.625 0 304.25 
3 16 50.625 0 304.25 50.625 -4 312.75 50.625 0 312.75 
3 16 50.625 -4 312.75 26.875 -4 312.75 50.625 0 312.75 
3 16 50.625 0 312.75 26.875 -4 312.75 26.875 0 312.75 
3 16 68.125 -4 335.75 68.125 -4 316.75 70.125 -4 333.75 
3 16 68.125 -4 316.75 70.125 -4 316.75 70.125 -4 333.75 
3 16 70.125 -4 333.75 105.625 -4 335.75 68.125 -4 335.75 
3 16 70.125 -4 333.75 103.625 -4 333.75 105.625 -4 335.75 
3 16 103.625 -4 316.75 105.625 -4 316.75 103.625 -4 333.75 
3 16 103.625 -4 333.75 105.625 -4 316.75 105.625 -4 335.75 
3 16 26.875 -4 333.75 58.875 -4 335.75 26.875 -4 335.75 
3 16 26.875 -4 333.75 58.875 -4 333.75 58.875 -4 335.75 
3 16 83.375 -0.375 330 83.4943 0 330.9059 83.4943 -0.375 330.9059 
3 16 83.375 0 330 83.4943 0 330.9059 83.375 -0.375 330 
3 16 83.4943 -0.375 330.9059 83.8439 0 331.75 83.8439 -0.375 331.75 
3 16 83.4943 0 330.9059 83.8439 0 331.75 83.4943 -0.375 330.9059 
3 16 83.8439 -0.375 331.75 84.4001 0 332.4749 84.4001 -0.375 332.4749 
3 16 83.8439 0 331.75 84.4001 0 332.4749 83.8439 -0.375 331.75 
3 16 84.4001 -0.375 332.4749 85.125 0 333.0311 85.125 -0.375 333.0311 
3 16 84.4001 0 332.4749 85.125 0 333.0311 84.4001 -0.375 332.4749 
3 16 85.125 -0.375 333.0311 85.9691 0 333.3807 85.9691 -0.375 333.3807 
3 16 85.125 0 333.0311 85.9691 0 333.3807 85.125 -0.375 333.0311 
3 16 85.9691 -0.375 333.3807 86.875 0 333.5 86.875 -0.375 333.5 
3 16 85.9691 0 333.3807 86.875 0 333.5 85.9691 -0.375 333.3807 
3 16 86.875 -0.375 333.5 87.7809 0 333.3807 87.7809 -0.375 333.3807 
3 16 86.875 0 333.5 87.7809 0 333.3807 86.875 -0.375 333.5 
3 16 87.7809 -0.375 333.3807 88.625 0 333.0311 88.625 -0.375 333.0311 
3 16 87.7809 0 333.3807 88.625 0 333.0311 87.7809 -0.375 333.3807 
3 16 88.625 -0.375 333.0311 89.3499 0 332.4749 89.3499 -0.375 332.4749 
3 16 88.625 0 333.0311 89.3499 0 332.4749 88.625 -0.375 333.0311 
3 16 89.3499 -0.375 332.4749 89.9061 0 331.75 89.9061 -0.375 331.75 
3 16 89.3499 0 332.4749 89.9061 0 331.75 89.3499 -0.375 332.4749 
3 16 89.9061 -0.375 331.75 90.2557 0 330.9059 90.2557 -0.375 330.9059 
3 16 90.2557 -0.375 330.9059 90.2557 0 330.9059 90.375 -0.375 330 
3 16 89.9061 0 331.75 90.2557 0 330.9059 89.9061 -0.375 331.75 
3 16 90.2557 0 330.9059 90.375 0 330 90.375 -0.375 330 
3 16 90.375 0 330 90.2557 0 329.0941 90.375 -0.375 330 
3 16 90.375 -0.375 330 90.2557 0 329.0941 90.2557 -0.375 329.0941 
3 16 90.2557 0 329.0941 89.9061 0 328.25 90.2557 -0.375 329.0941 
3 16 90.2557 -0.375 329.0941 89.9061 0 328.25 89.9061 -0.375 328.25 
3 16 89.9061 -0.375 328.25 89.3499 0 327.5251 89.3499 -0.375 327.5251 
3 16 89.9061 0 328.25 89.3499 0 327.5251 89.9061 -0.375 328.25 
3 16 89.3499 -0.375 327.5251 88.625 0 326.9689 88.625 -0.375 326.9689 
3 16 89.3499 0 327.5251 88.625 0 326.9689 89.3499 -0.375 327.5251 
3 16 88.625 -0.375 326.9689 87.7809 0 326.6193 87.7809 -0.375 326.6193 
3 16 88.625 0 326.9689 87.7809 0 326.6193 88.625 -0.375 326.9689 
3 16 87.7809 -0.375 326.6193 86.875 0 326.5 86.875 -0.375 326.5 
3 16 87.7809 0 326.6193 86.875 0 326.5 87.7809 -0.375 326.6193 
3 16 86.875 -0.375 326.5 85.9691 0 326.6193 85.9691 -0.375 326.6193 
3 16 86.875 0 326.5 85.9691 0 326.6193 86.875 -0.375 326.5 
3 16 85.9691 -0.375 326.6193 85.125 0 326.9689 85.125 -0.375 326.9689 
3 16 85.9691 0 326.6193 85.125 0 326.9689 85.9691 -0.375 326.6193 
3 16 85.125 -0.375 326.9689 84.4001 0 327.5251 84.4001 -0.375 327.5251 
3 16 84.4001 -0.375 327.5251 84.4001 0 327.5251 83.8439 -0.375 328.25 
3 16 85.125 0 326.9689 84.4001 0 327.5251 85.125 -0.375 326.9689 
3 16 84.4001 0 327.5251 83.8439 0 328.25 83.8439 -0.375 328.25 
3 16 83.8439 -0.375 328.25 83.4943 0 329.0941 83.4943 -0.375 329.0941 
3 16 83.8439 0 328.25 83.4943 0 329.0941 83.8439 -0.375 328.25 
3 16 83.4943 -0.375 329.0941 83.375 0 330 83.375 -0.375 330 
3 16 83.4943 0 329.0941 83.375 0 330 83.4943 -0.375 329.0941 
3 16 67.125 -0.375 310 67.2443 0 310.9059 67.2443 -0.375 310.9059 
3 16 67.125 0 310 67.2443 0 310.9059 67.125 -0.375 310 
3 16 67.2443 -0.375 310.9059 67.5939 0 311.75 67.5939 -0.375 311.75 
3 16 67.2443 0 310.9059 67.5939 0 311.75 67.2443 -0.375 310.9059 
3 16 67.5939 -0.375 311.75 68.1501 0 312.4749 68.1501 -0.375 312.4749 
3 16 67.5939 0 311.75 68.1501 0 312.4749 67.5939 -0.375 311.75 
3 16 68.1501 -0.375 312.4749 68.875 0 313.0311 68.875 -0.375 313.0311 
3 16 68.1501 0 312.4749 68.875 0 313.0311 68.1501 -0.375 312.4749 
3 16 68.875 -0.375 313.0311 69.7191 0 313.3807 69.7191 -0.375 313.3807 
3 16 68.875 0 313.0311 69.7191 0 313.3807 68.875 -0.375 313.0311 
3 16 69.7191 -0.375 313.3807 70.625 0 313.5 70.625 -0.375 313.5 
3 16 69.7191 0 313.3807 70.625 0 313.5 69.7191 -0.375 313.3807 
3 16 70.625 -0.375 313.5 71.5309 0 313.3807 71.5309 -0.375 313.3807 
3 16 70.625 0 313.5 71.5309 0 313.3807 70.625 -0.375 313.5 
3 16 71.5309 -0.375 313.3807 72.375 0 313.0311 72.375 -0.375 313.0311 
3 16 71.5309 0 313.3807 72.375 0 313.0311 71.5309 -0.375 313.3807 
3 16 72.375 -0.375 313.0311 73.0999 0 312.4749 73.0999 -0.375 312.4749 
3 16 72.375 0 313.0311 73.0999 0 312.4749 72.375 -0.375 313.0311 
3 16 73.0999 -0.375 312.4749 73.6561 0 311.75 73.6561 -0.375 311.75 
3 16 73.0999 0 312.4749 73.6561 0 311.75 73.0999 -0.375 312.4749 
3 16 73.6561 -0.375 311.75 74.0057 0 310.9059 74.0057 -0.375 310.9059 
3 16 74.0057 -0.375 310.9059 74.0057 0 310.9059 74.125 -0.375 310 
3 16 73.6561 0 311.75 74.0057 0 310.9059 73.6561 -0.375 311.75 
3 16 74.0057 0 310.9059 74.125 0 310 74.125 -0.375 310 
3 16 74.125 0 310 74.0057 0 309.0941 74.125 -0.375 310 
3 16 74.125 -0.375 310 74.0057 0 309.0941 74.0057 -0.375 309.0941 
3 16 74.0057 0 309.0941 73.6561 0 308.25 74.0057 -0.375 309.0941 
3 16 74.0057 -0.375 309.0941 73.6561 0 308.25 73.6561 -0.375 308.25 
3 16 73.6561 -0.375 308.25 73.0999 0 307.5251 73.0999 -0.375 307.5251 
3 16 73.6561 0 308.25 73.0999 0 307.5251 73.6561 -0.375 308.25 
3 16 73.0999 -0.375 307.5251 72.375 0 306.9689 72.375 -0.375 306.9689 
3 16 73.0999 0 307.5251 72.375 0 306.9689 73.0999 -0.375 307.5251 
3 16 72.375 -0.375 306.9689 71.5309 0 306.6193 71.5309 -0.375 306.6193 
3 16 72.375 0 306.9689 71.5309 0 306.6193 72.375 -0.375 306.9689 
3 16 71.5309 -0.375 306.6193 70.625 0 306.5 70.625 -0.375 306.5 
3 16 71.5309 0 306.6193 70.625 0 306.5 71.5309 -0.375 306.6193 
3 16 70.625 -0.375 306.5 69.7191 0 306.6193 69.7191 -0.375 306.6193 
3 16 70.625 0 306.5 69.7191 0 306.6193 70.625 -0.375 306.5 
3 16 69.7191 -0.375 306.6193 68.875 0 306.9689 68.875 -0.375 306.9689 
3 16 69.7191 0 306.6193 68.875 0 306.9689 69.7191 -0.375 306.6193 
3 16 68.875 -0.375 306.9689 68.1501 0 307.5251 68.1501 -0.375 307.5251 
3 16 68.1501 -0.375 307.5251 68.1501 0 307.5251 67.5939 -0.375 308.25 
3 16 68.875 0 306.9689 68.1501 0 307.5251 68.875 -0.375 306.9689 
3 16 68.1501 0 307.5251 67.5939 0 308.25 67.5939 -0.375 308.25 
3 16 67.5939 -0.375 308.25 67.2443 0 309.0941 67.2443 -0.375 309.0941 
3 16 67.5939 0 308.25 67.2443 0 309.0941 67.5939 -0.375 308.25 
3 16 67.2443 -0.375 309.0941 67.125 0 310 67.125 -0.375 310 
3 16 67.2443 0 309.0941 67.125 0 310 67.2443 -0.375 309.0941 
3 16 99.625 -0.375 310 99.7443 0 310.9059 99.7443 -0.375 310.9059 
3 16 99.625 0 310 99.7443 0 310.9059 99.625 -0.375 310 
3 16 99.7443 -0.375 310.9059 100.0939 0 311.75 100.0939 -0.375 311.75 
3 16 99.7443 0 310.9059 100.0939 0 311.75 99.7443 -0.375 310.9059 
3 16 100.0939 -0.375 311.75 100.6501 0 312.4749 100.6501 -0.375 312.4749 
3 16 100.0939 0 311.75 100.6501 0 312.4749 100.0939 -0.375 311.75 
3 16 100.6501 -0.375 312.4749 101.375 0 313.0311 101.375 -0.375 313.0311 
3 16 100.6501 0 312.4749 101.375 0 313.0311 100.6501 -0.375 312.4749 
3 16 101.375 -0.375 313.0311 102.2191 0 313.3807 102.2191 -0.375 313.3807 
3 16 101.375 0 313.0311 102.2191 0 313.3807 101.375 -0.375 313.0311 
3 16 102.2191 -0.375 313.3807 103.125 0 313.5 103.125 -0.375 313.5 
3 16 102.2191 0 313.3807 103.125 0 313.5 102.2191 -0.375 313.3807 
3 16 103.125 -0.375 313.5 104.0309 0 313.3807 104.0309 -0.375 313.3807 
3 16 103.125 0 313.5 104.0309 0 313.3807 103.125 -0.375 313.5 
3 16 104.0309 -0.375 313.3807 104.875 0 313.0311 104.875 -0.375 313.0311 
3 16 104.0309 0 313.3807 104.875 0 313.0311 104.0309 -0.375 313.3807 
3 16 104.875 -0.375 313.0311 105.5999 0 312.4749 105.5999 -0.375 312.4749 
3 16 104.875 0 313.0311 105.5999 0 312.4749 104.875 -0.375 313.0311 
3 16 105.5999 -0.375 312.4749 106.1561 0 311.75 106.1561 -0.375 311.75 
3 16 105.5999 0 312.4749 106.1561 0 311.75 105.5999 -0.375 312.4749 
3 16 106.1561 -0.375 311.75 106.5057 0 310.9059 106.5057 -0.375 310.9059 
3 16 106.5057 -0.375 310.9059 106.5057 0 310.9059 106.625 -0.375 310 
3 16 106.1561 0 311.75 106.5057 0 310.9059 106.1561 -0.375 311.75 
3 16 106.5057 0 310.9059 106.625 0 310 106.625 -0.375 310 
3 16 106.625 0 310 106.5057 0 309.0941 106.625 -0.375 310 
3 16 106.625 -0.375 310 106.5057 0 309.0941 106.5057 -0.375 309.0941 
3 16 106.5057 0 309.0941 106.1561 0 308.25 106.5057 -0.375 309.0941 
3 16 106.5057 -0.375 309.0941 106.1561 0 308.25 106.1561 -0.375 308.25 
3 16 106.1561 -0.375 308.25 105.5999 0 307.5251 105.5999 -0.375 307.5251 
3 16 106.1561 0 308.25 105.5999 0 307.5251 106.1561 -0.375 308.25 
3 16 105.5999 -0.375 307.5251 104.875 0 306.9689 104.875 -0.375 306.9689 
3 16 105.5999 0 307.5251 104.875 0 306.9689 105.5999 -0.375 307.5251 
3 16 104.875 -0.375 306.9689 104.0309 0 306.6193 104.0309 -0.375 306.6193 
3 16 104.875 0 306.9689 104.0309 0 306.6193 104.875 -0.375 306.9689 
3 16 104.0309 -0.375 306.6193 103.125 0 306.5 103.125 -0.375 306.5 
3 16 104.0309 0 306.6193 103.125 0 306.5 104.0309 -0.375 306.6193 
3 16 103.125 -0.375 306.5 102.2191 0 306.6193 102.2191 -0.375 306.6193 
3 16 103.125 0 306.5 102.2191 0 306.6193 103.125 -0.375 306.5 
3 16 102.2191 -0.375 306.6193 101.375 0 306.9689 101.375 -0.375 306.9689 
3 16 102.2191 0 306.6193 101.375 0 306.9689 102.2191 -0.375 306.6193 
3 16 101.375 -0.375 306.9689 100.6501 0 307.5251 100.6501 -0.375 307.5251 
3 16 100.6501 -0.375 307.5251 100.6501 0 307.5251 100.0939 -0.375 308.25 
3 16 101.375 0 306.9689 100.6501 0 307.5251 101.375 -0.375 306.9689 
3 16 100.6501 0 307.5251 100.0939 0 308.25 100.0939 -0.375 308.25 
3 16 100.0939 -0.375 308.25 99.7443 0 309.0941 99.7443 -0.375 309.0941 
3 16 100.0939 0 308.25 99.7443 0 309.0941 100.0939 -0.375 308.25 
3 16 99.7443 -0.375 309.0941 99.625 0 310 99.625 -0.375 310 
3 16 99.7443 0 309.0941 99.625 0 310 99.7443 -0.375 309.0941 
3 16 84.75 -1.75 330 83.375 -0.375 330 84.8224 -1.75 330.55 
3 16 83.375 -0.375 330 83.4943 -0.375 330.9059 84.8224 -1.75 330.55 
3 16 84.8224 -1.75 330.55 83.8439 -0.375 331.75 85.0347 -1.75 331.0625 
3 16 83.4943 -0.375 330.9059 83.8439 -0.375 331.75 84.8224 -1.75 330.55 
3 16 85.0347 -1.75 331.0625 84.4001 -0.375 332.4749 85.3724 -1.75 331.5026 
3 16 83.8439 -0.375 331.75 84.4001 -0.375 332.4749 85.0347 -1.75 331.0625 
3 16 85.3724 -1.75 331.5026 85.125 -0.375 333.0311 85.8125 -1.75 331.8403 
3 16 84.4001 -0.375 332.4749 85.125 -0.375 333.0311 85.3724 -1.75 331.5026 
3 16 85.8125 -1.75 331.8403 85.9691 -0.375 333.3807 86.325 -1.75 332.0526 
3 16 85.125 -0.375 333.0311 85.9691 -0.375 333.3807 85.8125 -1.75 331.8403 
3 16 86.325 -1.75 332.0526 86.875 -0.375 333.5 86.875 -1.75 332.125 
3 16 85.9691 -0.375 333.3807 86.875 -0.375 333.5 86.325 -1.75 332.0526 
3 16 86.875 -1.75 332.125 87.7809 -0.375 333.3807 87.425 -1.75 332.0526 
3 16 86.875 -0.375 333.5 87.7809 -0.375 333.3807 86.875 -1.75 332.125 
3 16 87.425 -1.75 332.0526 88.625 -0.375 333.0311 87.9375 -1.75 331.8403 
3 16 87.7809 -0.375 333.3807 88.625 -0.375 333.0311 87.425 -1.75 332.0526 
3 16 87.9375 -1.75 331.8403 89.3499 -0.375 332.4749 88.3776 -1.75 331.5026 
3 16 88.625 -0.375 333.0311 89.3499 -0.375 332.4749 87.9375 -1.75 331.8403 
3 16 88.3776 -1.75 331.5026 89.9061 -0.375 331.75 88.7153 -1.75 331.0625 
3 16 89.3499 -0.375 332.4749 89.9061 -0.375 331.75 88.3776 -1.75 331.5026 
3 16 88.7153 -1.75 331.0625 90.2557 -0.375 330.9059 88.9276 -1.75 330.55 
3 16 89.9061 -0.375 331.75 90.2557 -0.375 330.9059 88.7153 -1.75 331.0625 
3 16 90.2557 -0.375 330.9059 90.375 -0.375 330 88.9276 -1.75 330.55 
3 16 88.9276 -1.75 330.55 90.375 -0.375 330 89 -1.75 330 
3 16 89 -1.75 330 90.375 -0.375 330 88.9276 -1.75 329.45 
3 16 90.375 -0.375 330 90.2557 -0.375 329.0941 88.9276 -1.75 329.45 
3 16 90.2557 -0.375 329.0941 89.9061 -0.375 328.25 88.9276 -1.75 329.45 
3 16 88.9276 -1.75 329.45 89.9061 -0.375 328.25 88.7153 -1.75 328.9375 
3 16 89.9061 -0.375 328.25 89.3499 -0.375 327.5251 88.7153 -1.75 328.9375 
3 16 88.7153 -1.75 328.9375 89.3499 -0.375 327.5251 88.3776 -1.75 328.4974 
3 16 88.3776 -1.75 328.4974 89.3499 -0.375 327.5251 87.9375 -1.75 328.1597 
3 16 89.3499 -0.375 327.5251 88.625 -0.375 326.9689 87.9375 -1.75 328.1597 
3 16 87.9375 -1.75 328.1597 87.7809 -0.375 326.6193 87.425 -1.75 327.9474 
3 16 87.425 -1.75 327.9474 87.7809 -0.375 326.6193 86.875 -1.75 327.875 
3 16 88.625 -0.375 326.9689 87.7809 -0.375 326.6193 87.9375 -1.75 328.1597 
3 16 87.7809 -0.375 326.6193 86.875 -0.375 326.5 86.875 -1.75 327.875 
3 16 86.875 -1.75 327.875 85.9691 -0.375 326.6193 86.325 -1.75 327.9474 
3 16 86.875 -0.375 326.5 85.9691 -0.375 326.6193 86.875 -1.75 327.875 
3 16 86.325 -1.75 327.9474 85.125 -0.375 326.9689 85.8125 -1.75 328.1597 
3 16 85.8125 -1.75 328.1597 85.125 -0.375 326.9689 85.3724 -1.75 328.4974 
3 16 85.9691 -0.375 326.6193 85.125 -0.375 326.9689 86.325 -1.75 327.9474 
3 16 85.125 -0.375 326.9689 84.4001 -0.375 327.5251 85.3724 -1.75 328.4974 
3 16 85.3724 -1.75 328.4974 83.8439 -0.375 328.25 85.0347 -1.75 328.9375 
3 16 84.4001 -0.375 327.5251 83.8439 -0.375 328.25 85.3724 -1.75 328.4974 
3 16 85.0347 -1.75 328.9375 83.4943 -0.375 329.0941 84.8224 -1.75 329.45 
3 16 83.8439 -0.375 328.25 83.4943 -0.375 329.0941 85.0347 -1.75 328.9375 
3 16 84.8224 -1.75 329.45 83.375 -0.375 330 84.75 -1.75 330 
3 16 83.4943 -0.375 329.0941 83.375 -0.375 330 84.8224 -1.75 329.45 
3 16 68.5 -1.75 310 67.2443 -0.375 310.9059 68.5724 -1.75 310.55 
3 16 67.125 -0.375 310 67.2443 -0.375 310.9059 68.5 -1.75 310 
3 16 68.5724 -1.75 310.55 67.5939 -0.375 311.75 68.7847 -1.75 311.0625 
3 16 67.2443 -0.375 310.9059 67.5939 -0.375 311.75 68.5724 -1.75 310.55 
3 16 68.7847 -1.75 311.0625 68.1501 -0.375 312.4749 69.1224 -1.75 311.5026 
3 16 67.5939 -0.375 311.75 68.1501 -0.375 312.4749 68.7847 -1.75 311.0625 
3 16 69.1224 -1.75 311.5026 68.875 -0.375 313.0311 69.5625 -1.75 311.8403 
3 16 68.1501 -0.375 312.4749 68.875 -0.375 313.0311 69.1224 -1.75 311.5026 
3 16 69.5625 -1.75 311.8403 69.7191 -0.375 313.3807 70.075 -1.75 312.0526 
3 16 68.875 -0.375 313.0311 69.7191 -0.375 313.3807 69.5625 -1.75 311.8403 
3 16 70.075 -1.75 312.0526 70.625 -0.375 313.5 70.625 -1.75 312.125 
3 16 69.7191 -0.375 313.3807 70.625 -0.375 313.5 70.075 -1.75 312.0526 
3 16 70.625 -1.75 312.125 71.5309 -0.375 313.3807 71.175 -1.75 312.0526 
3 16 70.625 -0.375 313.5 71.5309 -0.375 313.3807 70.625 -1.75 312.125 
3 16 71.175 -1.75 312.0526 72.375 -0.375 313.0311 71.6875 -1.75 311.8403 
3 16 71.5309 -0.375 313.3807 72.375 -0.375 313.0311 71.175 -1.75 312.0526 
3 16 71.6875 -1.75 311.8403 73.0999 -0.375 312.4749 72.1276 -1.75 311.5026 
3 16 72.375 -0.375 313.0311 73.0999 -0.375 312.4749 71.6875 -1.75 311.8403 
3 16 72.1276 -1.75 311.5026 73.6561 -0.375 311.75 72.4653 -1.75 311.0625 
3 16 73.0999 -0.375 312.4749 73.6561 -0.375 311.75 72.1276 -1.75 311.5026 
3 16 72.4653 -1.75 311.0625 74.0057 -0.375 310.9059 72.6776 -1.75 310.55 
3 16 73.6561 -0.375 311.75 74.0057 -0.375 310.9059 72.4653 -1.75 311.0625 
3 16 74.0057 -0.375 310.9059 74.125 -0.375 310 72.6776 -1.75 310.55 
3 16 72.6776 -1.75 310.55 74.125 -0.375 310 72.75 -1.75 310 
3 16 72.75 -1.75 310 74.125 -0.375 310 72.6776 -1.75 309.45 
3 16 74.125 -0.375 310 74.0057 -0.375 309.0941 72.6776 -1.75 309.45 
3 16 74.0057 -0.375 309.0941 73.6561 -0.375 308.25 72.6776 -1.75 309.45 
3 16 72.6776 -1.75 309.45 73.6561 -0.375 308.25 72.4653 -1.75 308.9375 
3 16 73.6561 -0.375 308.25 73.0999 -0.375 307.5251 72.4653 -1.75 308.9375 
3 16 72.4653 -1.75 308.9375 73.0999 -0.375 307.5251 72.1276 -1.75 308.4974 
3 16 72.1276 -1.75 308.4974 73.0999 -0.375 307.5251 71.6875 -1.75 308.1597 
3 16 73.0999 -0.375 307.5251 72.375 -0.375 306.9689 71.6875 -1.75 308.1597 
3 16 71.6875 -1.75 308.1597 71.5309 -0.375 306.6193 71.175 -1.75 307.9474 
3 16 72.375 -0.375 306.9689 71.5309 -0.375 306.6193 71.6875 -1.75 308.1597 
3 16 71.175 -1.75 307.9474 70.625 -0.375 306.5 70.625 -1.75 307.875 
3 16 70.625 -1.75 307.875 70.625 -0.375 306.5 70.075 -1.75 307.9474 
3 16 71.5309 -0.375 306.6193 70.625 -0.375 306.5 71.175 -1.75 307.9474 
3 16 70.625 -0.375 306.5 69.7191 -0.375 306.6193 70.075 -1.75 307.9474 
3 16 70.075 -1.75 307.9474 68.875 -0.375 306.9689 69.5625 -1.75 308.1597 
3 16 69.7191 -0.375 306.6193 68.875 -0.375 306.9689 70.075 -1.75 307.9474 
3 16 69.5625 -1.75 308.1597 68.1501 -0.375 307.5251 69.1224 -1.75 308.4974 
3 16 68.875 -0.375 306.9689 68.1501 -0.375 307.5251 69.5625 -1.75 308.1597 
3 16 69.1224 -1.75 308.4974 67.5939 -0.375 308.25 68.7847 -1.75 308.9375 
3 16 68.1501 -0.375 307.5251 67.5939 -0.375 308.25 69.1224 -1.75 308.4974 
3 16 68.7847 -1.75 308.9375 67.2443 -0.375 309.0941 68.5724 -1.75 309.45 
3 16 67.5939 -0.375 308.25 67.2443 -0.375 309.0941 68.7847 -1.75 308.9375 
3 16 68.5724 -1.75 309.45 67.125 -0.375 310 68.5 -1.75 310 
3 16 67.2443 -0.375 309.0941 67.125 -0.375 310 68.5724 -1.75 309.45 
3 16 101 -1.75 310 99.7443 -0.375 310.9059 101.0724 -1.75 310.55 
3 16 99.625 -0.375 310 99.7443 -0.375 310.9059 101 -1.75 310 
3 16 101.0724 -1.75 310.55 100.0939 -0.375 311.75 101.2847 -1.75 311.0625 
3 16 99.7443 -0.375 310.9059 100.0939 -0.375 311.75 101.0724 -1.75 310.55 
3 16 101.2847 -1.75 311.0625 100.6501 -0.375 312.4749 101.6224 -1.75 311.5026 
3 16 100.0939 -0.375 311.75 100.6501 -0.375 312.4749 101.2847 -1.75 311.0625 
3 16 101.6224 -1.75 311.5026 101.375 -0.375 313.0311 102.0625 -1.75 311.8403 
3 16 100.6501 -0.375 312.4749 101.375 -0.375 313.0311 101.6224 -1.75 311.5026 
3 16 102.0625 -1.75 311.8403 102.2191 -0.375 313.3807 102.575 -1.75 312.0526 
3 16 101.375 -0.375 313.0311 102.2191 -0.375 313.3807 102.0625 -1.75 311.8403 
3 16 102.575 -1.75 312.0526 103.125 -0.375 313.5 103.125 -1.75 312.125 
3 16 102.2191 -0.375 313.3807 103.125 -0.375 313.5 102.575 -1.75 312.0526 
3 16 103.125 -1.75 312.125 104.0309 -0.375 313.3807 103.675 -1.75 312.0526 
3 16 103.125 -0.375 313.5 104.0309 -0.375 313.3807 103.125 -1.75 312.125 
3 16 103.675 -1.75 312.0526 104.875 -0.375 313.0311 104.1875 -1.75 311.8403 
3 16 104.0309 -0.375 313.3807 104.875 -0.375 313.0311 103.675 -1.75 312.0526 
3 16 104.1875 -1.75 311.8403 105.5999 -0.375 312.4749 104.6276 -1.75 311.5026 
3 16 104.875 -0.375 313.0311 105.5999 -0.375 312.4749 104.1875 -1.75 311.8403 
3 16 104.6276 -1.75 311.5026 106.1561 -0.375 311.75 104.9653 -1.75 311.0625 
3 16 105.5999 -0.375 312.4749 106.1561 -0.375 311.75 104.6276 -1.75 311.5026 
3 16 104.9653 -1.75 311.0625 106.5057 -0.375 310.9059 105.1776 -1.75 310.55 
3 16 106.1561 -0.375 311.75 106.5057 -0.375 310.9059 104.9653 -1.75 311.0625 
3 16 106.5057 -0.375 310.9059 106.625 -0.375 310 105.1776 -1.75 310.55 
3 16 105.1776 -1.75 310.55 106.625 -0.375 310 105.25 -1.75 310 
3 16 106.625 -0.375 310 106.5057 -0.375 309.0941 105.25 -1.75 310 
3 16 105.25 -1.75 310 106.5057 -0.375 309.0941 105.1776 -1.75 309.45 
3 16 105.1776 -1.75 309.45 106.5057 -0.375 309.0941 104.9653 -1.75 308.9375 
3 16 106.5057 -0.375 309.0941 106.1561 -0.375 308.25 104.9653 -1.75 308.9375 
3 16 106.1561 -0.375 308.25 105.5999 -0.375 307.5251 104.9653 -1.75 308.9375 
3 16 104.9653 -1.75 308.9375 105.5999 -0.375 307.5251 104.6276 -1.75 308.4974 
3 16 104.6276 -1.75 308.4974 105.5999 -0.375 307.5251 104.1875 -1.75 308.1597 
3 16 105.5999 -0.375 307.5251 104.875 -0.375 306.9689 104.1875 -1.75 308.1597 
3 16 104.1875 -1.75 308.1597 104.0309 -0.375 306.6193 103.675 -1.75 307.9474 
3 16 103.675 -1.75 307.9474 104.0309 -0.375 306.6193 103.125 -1.75 307.875 
3 16 104.875 -0.375 306.9689 104.0309 -0.375 306.6193 104.1875 -1.75 308.1597 
3 16 104.0309 -0.375 306.6193 103.125 -0.375 306.5 103.125 -1.75 307.875 
3 16 103.125 -1.75 307.875 102.2191 -0.375 306.6193 102.575 -1.75 307.9474 
3 16 103.125 -0.375 306.5 102.2191 -0.375 306.6193 103.125 -1.75 307.875 
3 16 102.575 -1.75 307.9474 101.375 -0.375 306.9689 102.0625 -1.75 308.1597 
3 16 102.0625 -1.75 308.1597 101.375 -0.375 306.9689 101.6224 -1.75 308.4974 
3 16 102.2191 -0.375 306.6193 101.375 -0.375 306.9689 102.575 -1.75 307.9474 
3 16 101.6224 -1.75 308.4974 100.6501 -0.375 307.5251 101.2847 -1.75 308.9375 
3 16 101.375 -0.375 306.9689 100.6501 -0.375 307.5251 101.6224 -1.75 308.4974 
3 16 100.6501 -0.375 307.5251 100.0939 -0.375 308.25 101.2847 -1.75 308.9375 
3 16 101.2847 -1.75 308.9375 99.7443 -0.375 309.0941 101.0724 -1.75 309.45 
3 16 100.0939 -0.375 308.25 99.7443 -0.375 309.0941 101.2847 -1.75 308.9375 
3 16 99.7443 -0.375 309.0941 99.625 -0.375 310 101.0724 -1.75 309.45 
3 16 101.0724 -1.75 309.45 99.625 -0.375 310 101 -1.75 310 
2 24 146.875 -4 324.25 146.875 -2 324.25 
2 24 146.875 -2 324.25 144.875 -2 324.25 
2 24 144.875 -2 324.25 144.875 -4 324.25 
2 24 144.875 -4 324.25 146.875 -4 324.25 
2 24 146.875 -2 333.75 146.875 -2 324.25 
2 24 146.875 -4 333.75 146.875 -2 333.75 
2 24 146.875 -4 335.75 146.875 -4 333.75 
2 24 146.875 -4 335.75 146.875 0 335.75 
2 24 146.875 0 312.75 146.875 0 335.75 
2 24 146.875 -4 312.75 146.875 0 312.75 
2 24 146.875 -4 312.75 146.875 -4 324.25 
2 24 144.875 -2 324.25 144.875 -2 314.75 
2 24 144.875 -2 314.75 121.125 -2 314.75 
2 24 121.125 -2 314.75 121.125 -2 306.25 
2 24 121.125 -2 306.25 87.875 -2 306.25 
2 24 87.875 -2 306.25 87.875 -2 324.25 
2 24 87.875 -2 324.25 85.875 -2 324.25 
2 24 85.875 -2 324.25 85.875 -2 306.25 
2 24 85.875 -2 306.25 52.625 -2 306.25 
2 24 52.625 -2 306.25 52.625 -2 314.75 
2 24 52.625 -2 314.75 28.875 -2 314.75 
2 24 28.875 -2 314.75 28.875 -2 324.25 
2 24 28.875 -2 324.25 26.875 -2 324.25 
2 24 26.875 -2 324.25 26.875 -2 333.75 
2 24 26.875 -2 333.75 58.875 -2 333.75 
2 24 58.875 -2 333.75 58.875 -2 335.75 
2 24 58.875 -2 335.75 68.125 -2 335.75 
2 24 68.125 -2 335.75 68.125 -2 316.75 
2 24 68.125 -2 316.75 70.125 -2 316.75 
2 24 70.125 -2 316.75 70.125 -2 333.75 
2 24 70.125 -2 333.75 103.625 -2 333.75 
2 24 103.625 -2 333.75 103.625 -2 316.75 
2 24 103.625 -2 316.75 105.625 -2 316.75 
2 24 105.625 -2 316.75 105.625 -2 335.75 
2 24 105.625 -2 335.75 114.875 -2 335.75 
2 24 114.875 -2 335.75 114.875 -2 333.75 
2 24 114.875 -2 333.75 146.875 -2 333.75 
2 24 84.75 -2 330 84.8224 -2 330.55 
2 24 84.8224 -2 330.55 85.0347 -2 331.0625 
2 24 85.0347 -2 331.0625 85.3724 -2 331.5026 
2 24 85.3724 -2 331.5026 85.8125 -2 331.8403 
2 24 85.8125 -2 331.8403 86.325 -2 332.0526 
2 24 86.325 -2 332.0526 86.875 -2 332.125 
2 24 86.875 -2 332.125 87.425 -2 332.0526 
2 24 87.425 -2 332.0526 87.9375 -2 331.8403 
2 24 87.9375 -2 331.8403 88.3776 -2 331.5026 
2 24 88.3776 -2 331.5026 88.7153 -2 331.0625 
2 24 88.7153 -2 331.0625 88.9276 -2 330.55 
2 24 88.9276 -2 330.55 89 -2 330 
2 24 89 -2 330 88.9276 -2 329.45 
2 24 88.9276 -2 329.45 88.7153 -2 328.9375 
2 24 88.7153 -2 328.9375 88.3776 -2 328.4974 
2 24 88.3776 -2 328.4974 87.9375 -2 328.1597 
2 24 87.9375 -2 328.1597 87.425 -2 327.9474 
2 24 87.425 -2 327.9474 86.875 -2 327.875 
2 24 86.875 -2 327.875 86.325 -2 327.9474 
2 24 86.325 -2 327.9474 85.8125 -2 328.1597 
2 24 85.8125 -2 328.1597 85.3724 -2 328.4974 
2 24 85.3724 -2 328.4974 85.0347 -2 328.9375 
2 24 85.0347 -2 328.9375 84.8224 -2 329.45 
2 24 84.8224 -2 329.45 84.75 -2 330 
2 24 68.5 -2 310 68.5724 -2 310.55 
2 24 68.5724 -2 310.55 68.7847 -2 311.0625 
2 24 68.7847 -2 311.0625 69.1224 -2 311.5026 
2 24 69.1224 -2 311.5026 69.5625 -2 311.8403 
2 24 69.5625 -2 311.8403 70.075 -2 312.0526 
2 24 70.075 -2 312.0526 70.625 -2 312.125 
2 24 70.625 -2 312.125 71.175 -2 312.0526 
2 24 71.175 -2 312.0526 71.6875 -2 311.8403 
2 24 71.6875 -2 311.8403 72.1276 -2 311.5026 
2 24 72.1276 -2 311.5026 72.4653 -2 311.0625 
2 24 72.4653 -2 311.0625 72.6776 -2 310.55 
2 24 72.6776 -2 310.55 72.75 -2 310 
2 24 72.75 -2 310 72.6776 -2 309.45 
2 24 72.6776 -2 309.45 72.4653 -2 308.9375 
2 24 72.4653 -2 308.9375 72.1276 -2 308.4974 
2 24 72.1276 -2 308.4974 71.6875 -2 308.1597 
2 24 71.6875 -2 308.1597 71.175 -2 307.9474 
2 24 71.175 -2 307.9474 70.625 -2 307.875 
2 24 70.625 -2 307.875 70.075 -2 307.9474 
2 24 70.075 -2 307.9474 69.5625 -2 308.1597 
2 24 69.5625 -2 308.1597 69.1224 -2 308.4974 
2 24 69.1224 -2 308.4974 68.7847 -2 308.9375 
2 24 68.7847 -2 308.9375 68.5724 -2 309.45 
2 24 68.5724 -2 309.45 68.5 -2 310 
2 24 101 -2 310 101.0724 -2 310.55 
2 24 101.0724 -2 310.55 101.2847 -2 311.0625 
2 24 101.2847 -2 311.0625 101.6224 -2 311.5026 
2 24 101.6224 -2 311.5026 102.0625 -2 311.8403 
2 24 102.0625 -2 311.8403 102.575 -2 312.0526 
2 24 102.575 -2 312.0526 103.125 -2 312.125 
2 24 103.125 -2 312.125 103.675 -2 312.0526 
2 24 103.675 -2 312.0526 104.1875 -2 311.8403 
2 24 104.1875 -2 311.8403 104.6276 -2 311.5026 
2 24 104.6276 -2 311.5026 104.9653 -2 311.0625 
2 24 104.9653 -2 311.0625 105.1776 -2 310.55 
2 24 105.1776 -2 310.55 105.25 -2 310 
2 24 105.25 -2 310 105.1776 -2 309.45 
2 24 105.1776 -2 309.45 104.9653 -2 308.9375 
2 24 104.9653 -2 308.9375 104.6276 -2 308.4974 
2 24 104.6276 -2 308.4974 104.1875 -2 308.1597 
2 24 104.1875 -2 308.1597 103.675 -2 307.9474 
2 24 103.675 -2 307.9474 103.125 -2 307.875 
2 24 103.125 -2 307.875 102.575 -2 307.9474 
2 24 102.575 -2 307.9474 102.0625 -2 308.1597 
2 24 102.0625 -2 308.1597 101.6224 -2 308.4974 
2 24 101.6224 -2 308.4974 101.2847 -2 308.9375 
2 24 101.2847 -2 308.9375 101.0724 -2 309.45 
2 24 101.0724 -2 309.45 101 -2 310 
2 24 144.875 -4 324.25 144.875 -4 314.75 
2 24 144.875 -4 314.75 144.875 -2 314.75 
2 24 146.875 -4 312.75 123.125 -4 312.75 
2 24 123.125 -4 312.75 123.125 -4 304.25 
2 24 50.625 -4 304.25 123.125 -4 304.25 
2 24 50.625 -4 304.25 50.625 -4 312.75 
2 24 50.625 -4 312.75 26.875 -4 312.75 
2 24 26.875 -4 324.25 26.875 -4 312.75 
2 24 26.875 -4 324.25 28.875 -4 324.25 
2 24 28.875 -4 314.75 28.875 -4 324.25 
2 24 52.625 -4 314.75 28.875 -4 314.75 
2 24 52.625 -4 306.25 52.625 -4 314.75 
2 24 85.875 -4 306.25 52.625 -4 306.25 
2 24 85.875 -4 306.25 85.875 -4 324.25 
2 24 85.875 -4 324.25 87.875 -4 324.25 
2 24 87.875 -4 324.25 87.875 -4 306.25 
2 24 121.125 -4 306.25 87.875 -4 306.25 
2 24 121.125 -4 314.75 121.125 -4 306.25 
2 24 144.875 -4 314.75 121.125 -4 314.75 
2 24 114.875 -4 333.75 114.875 -2 333.75 
2 24 114.875 -4 333.75 146.875 -4 333.75 
2 24 114.875 -4 333.75 114.875 -4 335.75 
2 24 114.875 -4 335.75 146.875 -4 335.75 
2 24 146.875 0 335.75 26.875 0 335.75 
2 24 114.875 -4 335.75 114.875 -2 335.75 
2 24 105.625 -4 335.75 105.625 -2 335.75 
2 24 68.125 -4 335.75 105.625 -4 335.75 
2 24 68.125 -4 335.75 68.125 -2 335.75 
2 24 58.875 -4 335.75 58.875 -2 335.75 
2 24 26.875 -4 335.75 58.875 -4 335.75 
2 24 26.875 0 335.75 26.875 -4 335.75 
2 24 146.875 0 312.75 123.125 0 312.75 
2 24 123.125 0 312.75 123.125 0 304.25 
2 24 50.625 0 304.25 123.125 0 304.25 
2 24 50.625 0 304.25 50.625 0 312.75 
2 24 50.625 0 312.75 26.875 0 312.75 
2 24 26.875 0 335.75 26.875 0 312.75 
2 24 83.375 0 330 83.4943 0 330.9059 
2 24 83.4943 0 330.9059 83.8439 0 331.75 
2 24 83.8439 0 331.75 84.4001 0 332.4749 
2 24 84.4001 0 332.4749 85.125 0 333.0311 
2 24 85.125 0 333.0311 85.9691 0 333.3807 
2 24 85.9691 0 333.3807 86.875 0 333.5 
2 24 86.875 0 333.5 87.7809 0 333.3807 
2 24 87.7809 0 333.3807 88.625 0 333.0311 
2 24 88.625 0 333.0311 89.3499 0 332.4749 
2 24 89.3499 0 332.4749 89.9061 0 331.75 
2 24 89.9061 0 331.75 90.2557 0 330.9059 
2 24 90.2557 0 330.9059 90.375 0 330 
2 24 90.375 0 330 90.2557 0 329.0941 
2 24 90.2557 0 329.0941 89.9061 0 328.25 
2 24 89.9061 0 328.25 89.3499 0 327.5251 
2 24 89.3499 0 327.5251 88.625 0 326.9689 
2 24 88.625 0 326.9689 87.7809 0 326.6193 
2 24 87.7809 0 326.6193 86.875 0 326.5 
2 24 86.875 0 326.5 85.9691 0 326.6193 
2 24 85.9691 0 326.6193 85.125 0 326.9689 
2 24 85.125 0 326.9689 84.4001 0 327.5251 
2 24 84.4001 0 327.5251 83.8439 0 328.25 
2 24 83.8439 0 328.25 83.4943 0 329.0941 
2 24 83.4943 0 329.0941 83.375 0 330 
2 24 67.125 0 310 67.2443 0 310.9059 
2 24 67.2443 0 310.9059 67.5939 0 311.75 
2 24 67.5939 0 311.75 68.1501 0 312.4749 
2 24 68.1501 0 312.4749 68.875 0 313.0311 
2 24 68.875 0 313.0311 69.7191 0 313.3807 
2 24 69.7191 0 313.3807 70.625 0 313.5 
2 24 70.625 0 313.5 71.5309 0 313.3807 
2 24 71.5309 0 313.3807 72.375 0 313.0311 
2 24 72.375 0 313.0311 73.0999 0 312.4749 
2 24 73.0999 0 312.4749 73.6561 0 311.75 
2 24 73.6561 0 311.75 74.0057 0 310.9059 
2 24 74.0057 0 310.9059 74.125 0 310 
2 24 74.125 0 310 74.0057 0 309.0941 
2 24 74.0057 0 309.0941 73.6561 0 308.25 
2 24 73.6561 0 308.25 73.0999 0 307.5251 
2 24 73.0999 0 307.5251 72.375 0 306.9689 
2 24 72.375 0 306.9689 71.5309 0 306.6193 
2 24 71.5309 0 306.6193 70.625 0 306.5 
2 24 70.625 0 306.5 69.7191 0 306.6193 
2 24 69.7191 0 306.6193 68.875 0 306.9689 
2 24 68.875 0 306.9689 68.1501 0 307.5251 
2 24 68.1501 0 307.5251 67.5939 0 308.25 
2 24 67.5939 0 308.25 67.2443 0 309.0941 
2 24 67.2443 0 309.0941 67.125 0 310 
2 24 99.625 0 310 99.7443 0 310.9059 
2 24 99.7443 0 310.9059 100.0939 0 311.75 
2 24 100.0939 0 311.75 100.6501 0 312.4749 
2 24 100.6501 0 312.4749 101.375 0 313.0311 
2 24 101.375 0 313.0311 102.2191 0 313.3807 
2 24 102.2191 0 313.3807 103.125 0 313.5 
2 24 103.125 0 313.5 104.0309 0 313.3807 
2 24 104.0309 0 313.3807 104.875 0 313.0311 
2 24 104.875 0 313.0311 105.5999 0 312.4749 
2 24 105.5999 0 312.4749 106.1561 0 311.75 
2 24 106.1561 0 311.75 106.5057 0 310.9059 
2 24 106.5057 0 310.9059 106.625 0 310 
2 24 106.625 0 310 106.5057 0 309.0941 
2 24 106.5057 0 309.0941 106.1561 0 308.25 
2 24 106.1561 0 308.25 105.5999 0 307.5251 
2 24 105.5999 0 307.5251 104.875 0 306.9689 
2 24 104.875 0 306.9689 104.0309 0 306.6193 
2 24 104.0309 0 306.6193 103.125 0 306.5 
2 24 103.125 0 306.5 102.2191 0 306.6193 
2 24 102.2191 0 306.6193 101.375 0 306.9689 
2 24 101.375 0 306.9689 100.6501 0 307.5251 
2 24 100.6501 0 307.5251 100.0939 0 308.25 
2 24 100.0939 0 308.25 99.7443 0 309.0941 
2 24 99.7443 0 309.0941 99.625 0 310 
2 24 123.125 -4 312.75 123.125 0 312.75 
2 24 121.125 -2 314.75 121.125 -4 314.75 
2 24 105.625 -4 316.75 105.625 -2 316.75 
2 24 105.625 -4 316.75 105.625 -4 335.75 
2 24 121.125 -4 306.25 121.125 -2 306.25 
2 24 105.625 -4 316.75 103.625 -4 316.75 
2 24 103.625 -4 316.75 103.625 -2 316.75 
2 24 87.875 -2 306.25 87.875 -4 306.25 
2 24 103.625 -4 316.75 103.625 -4 333.75 
2 24 103.625 -4 333.75 103.625 -2 333.75 
2 24 87.875 -4 324.25 87.875 -2 324.25 
2 24 103.625 -4 333.75 70.125 -4 333.75 
2 24 70.125 -2 333.75 70.125 -4 333.75 
2 24 85.875 -4 324.25 85.875 -2 324.25 
2 24 70.125 -4 333.75 70.125 -4 316.75 
2 24 70.125 -4 316.75 70.125 -2 316.75 
2 24 85.875 -4 306.25 85.875 -2 306.25 
2 24 70.125 -4 316.75 68.125 -4 316.75 
2 24 68.125 -4 316.75 68.125 -2 316.75 
2 24 52.625 -4 306.25 52.625 -2 306.25 
2 24 68.125 -4 316.75 68.125 -4 335.75 
2 24 52.625 -4 314.75 52.625 -2 314.75 
2 24 28.875 -4 314.75 28.875 -2 314.75 
2 24 58.875 -4 333.75 58.875 -2 333.75 
2 24 58.875 -4 333.75 58.875 -4 335.75 
2 24 28.875 -4 324.25 28.875 -2 324.25 
2 24 58.875 -4 333.75 26.875 -4 333.75 
2 24 26.875 -4 333.75 26.875 -2 333.75 
2 24 26.875 -4 324.25 26.875 -2 324.25 
2 24 26.875 -4 335.75 26.875 -4 333.75 
2 24 26.875 -4 312.75 26.875 0 312.75 
2 24 84.75 -2 330 84.75 -2 330 
2 24 84.75 -2 330 84.75 -2 330 
2 24 84.75 -2 330 84.75 -2 330 
2 24 84.75 -2 330 84.75 -2 330 
2 24 84.75 -2 330 84.75 -1.75 330 
2 24 84.75 -1.75 330 84.75 -1.75 330 
2 24 84.75 -1.75 330 84.75 -1.75 330 
2 24 84.75 -1.75 330 84.75 -1.75 330 
2 24 84.75 -1.75 330 84.75 -1.75 330 
2 24 84.75 -1.75 330 84.75 -1.75 330 
2 24 84.75 -1.75 330 84.8224 -1.75 330.55 
2 24 84.8224 -1.75 330.55 85.0347 -1.75 331.0625 
2 24 85.0347 -1.75 331.0625 85.3724 -1.75 331.5026 
2 24 85.3724 -1.75 331.5026 85.8125 -1.75 331.8403 
2 24 85.8125 -1.75 331.8403 86.325 -1.75 332.0526 
2 24 86.325 -1.75 332.0526 86.875 -1.75 332.125 
2 24 86.875 -1.75 332.125 87.425 -1.75 332.0526 
2 24 87.425 -1.75 332.0526 87.9375 -1.75 331.8403 
2 24 87.9375 -1.75 331.8403 88.3776 -1.75 331.5026 
2 24 88.3776 -1.75 331.5026 88.7153 -1.75 331.0625 
2 24 88.7153 -1.75 331.0625 88.9276 -1.75 330.55 
2 24 88.9276 -1.75 330.55 89 -1.75 330 
2 24 89 -1.75 330 88.9276 -1.75 329.45 
2 24 88.9276 -1.75 329.45 88.7153 -1.75 328.9375 
2 24 88.7153 -1.75 328.9375 88.3776 -1.75 328.4974 
2 24 88.3776 -1.75 328.4974 87.9375 -1.75 328.1597 
2 24 87.9375 -1.75 328.1597 87.425 -1.75 327.9474 
2 24 87.425 -1.75 327.9474 86.875 -1.75 327.875 
2 24 86.875 -1.75 327.875 86.325 -1.75 327.9474 
2 24 86.325 -1.75 327.9474 85.8125 -1.75 328.1597 
2 24 85.8125 -1.75 328.1597 85.3724 -1.75 328.4974 
2 24 85.3724 -1.75 328.4974 85.0347 -1.75 328.9375 
2 24 85.0347 -1.75 328.9375 84.8224 -1.75 329.45 
2 24 84.8224 -1.75 329.45 84.75 -1.75 330 
2 24 68.5 -2 310 68.5 -2 310 
2 24 68.5 -2 310 68.5 -2 310 
2 24 68.5 -2 310 68.5 -2 310 
2 24 68.5 -2 310 68.5 -2 310 
2 24 68.5 -2 310 68.5 -1.75 310 
2 24 68.5 -1.75 310 68.5 -1.75 310 
2 24 68.5 -1.75 310 68.5 -1.75 310 
2 24 68.5 -1.75 310 68.5 -1.75 310 
2 24 68.5 -1.75 310 68.5 -1.75 310 
2 24 68.5 -1.75 310 68.5 -1.75 310 
2 24 68.5 -1.75 310 68.5724 -1.75 310.55 
2 24 68.5724 -1.75 310.55 68.7847 -1.75 311.0625 
2 24 68.7847 -1.75 311.0625 69.1224 -1.75 311.5026 
2 24 69.1224 -1.75 311.5026 69.5625 -1.75 311.8403 
2 24 69.5625 -1.75 311.8403 70.075 -1.75 312.0526 
2 24 70.075 -1.75 312.0526 70.625 -1.75 312.125 
2 24 70.625 -1.75 312.125 71.175 -1.75 312.0526 
2 24 71.175 -1.75 312.0526 71.6875 -1.75 311.8403 
2 24 71.6875 -1.75 311.8403 72.1276 -1.75 311.5026 
2 24 72.1276 -1.75 311.5026 72.4653 -1.75 311.0625 
2 24 72.4653 -1.75 311.0625 72.6776 -1.75 310.55 
2 24 72.6776 -1.75 310.55 72.75 -1.75 310 
2 24 72.75 -1.75 310 72.6776 -1.75 309.45 
2 24 72.6776 -1.75 309.45 72.4653 -1.75 308.9375 
2 24 72.4653 -1.75 308.9375 72.1276 -1.75 308.4974 
2 24 72.1276 -1.75 308.4974 71.6875 -1.75 308.1597 
2 24 71.6875 -1.75 308.1597 71.175 -1.75 307.9474 
2 24 71.175 -1.75 307.9474 70.625 -1.75 307.875 
2 24 70.625 -1.75 307.875 70.075 -1.75 307.9474 
2 24 70.075 -1.75 307.9474 69.5625 -1.75 308.1597 
2 24 69.5625 -1.75 308.1597 69.1224 -1.75 308.4974 
2 24 69.1224 -1.75 308.4974 68.7847 -1.75 308.9375 
2 24 68.7847 -1.75 308.9375 68.5724 -1.75 309.45 
2 24 68.5724 -1.75 309.45 68.5 -1.75 310 
2 24 101 -2 310 101 -2 310 
2 24 101 -2 310 101 -2 310 
2 24 101 -2 310 101 -2 310 
2 24 101 -2 310 101 -2 310 
2 24 101 -2 310 101 -1.75 310 
2 24 101 -1.75 310 101 -1.75 310 
2 24 101 -1.75 310 101 -1.75 310 
2 24 101 -1.75 310 101 -1.75 310 
2 24 101 -1.75 310 101 -1.75 310 
2 24 101 -1.75 310 101 -1.75 310 
2 24 101 -1.75 310 101.0724 -1.75 310.55 
2 24 101.0724 -1.75 310.55 101.2847 -1.75 311.0625 
2 24 101.2847 -1.75 311.0625 101.6224 -1.75 311.5026 
2 24 101.6224 -1.75 311.5026 102.0625 -1.75 311.8403 
2 24 102.0625 -1.75 311.8403 102.575 -1.75 312.0526 
2 24 102.575 -1.75 312.0526 103.125 -1.75 312.125 
2 24 103.125 -1.75 312.125 103.675 -1.75 312.0526 
2 24 103.675 -1.75 312.0526 104.1875 -1.75 311.8403 
2 24 104.1875 -1.75 311.8403 104.6276 -1.75 311.5026 
2 24 104.6276 -1.75 311.5026 104.9653 -1.75 311.0625 
2 24 104.9653 -1.75 311.0625 105.1776 -1.75 310.55 
2 24 105.1776 -1.75 310.55 105.25 -1.75 310 
2 24 105.25 -1.75 310 105.1776 -1.75 309.45 
2 24 105.1776 -1.75 309.45 104.9653 -1.75 308.9375 
2 24 104.9653 -1.75 308.9375 104.6276 -1.75 308.4974 
2 24 104.6276 -1.75 308.4974 104.1875 -1.75 308.1597 
2 24 104.1875 -1.75 308.1597 103.675 -1.75 307.9474 
2 24 103.675 -1.75 307.9474 103.125 -1.75 307.875 
2 24 103.125 -1.75 307.875 102.575 -1.75 307.9474 
2 24 102.575 -1.75 307.9474 102.0625 -1.75 308.1597 
2 24 102.0625 -1.75 308.1597 101.6224 -1.75 308.4974 
2 24 101.6224 -1.75 308.4974 101.2847 -1.75 308.9375 
2 24 101.2847 -1.75 308.9375 101.0724 -1.75 309.45 
2 24 101.0724 -1.75 309.45 101 -1.75 310 
2 24 123.125 -4 304.25 123.125 0 304.25 
2 24 50.625 -4 304.25 50.625 0 304.25 
2 24 50.625 -4 312.75 50.625 0 312.75 
2 24 83.375 -0.375 330 83.4943 -0.375 330.9059 
2 24 83.4943 -0.375 330.9059 83.8439 -0.375 331.75 
2 24 83.8439 -0.375 331.75 84.4001 -0.375 332.4749 
2 24 84.4001 -0.375 332.4749 85.125 -0.375 333.0311 
2 24 85.125 -0.375 333.0311 85.9691 -0.375 333.3807 
2 24 85.9691 -0.375 333.3807 86.875 -0.375 333.5 
2 24 86.875 -0.375 333.5 87.7809 -0.375 333.3807 
2 24 87.7809 -0.375 333.3807 88.625 -0.375 333.0311 
2 24 88.625 -0.375 333.0311 89.3499 -0.375 332.4749 
2 24 89.3499 -0.375 332.4749 89.9061 -0.375 331.75 
2 24 89.9061 -0.375 331.75 90.2557 -0.375 330.9059 
2 24 90.2557 -0.375 330.9059 90.375 -0.375 330 
2 24 90.375 -0.375 330 90.2557 -0.375 329.0941 
2 24 90.2557 -0.375 329.0941 89.9061 -0.375 328.25 
2 24 89.9061 -0.375 328.25 89.3499 -0.375 327.5251 
2 24 89.3499 -0.375 327.5251 88.625 -0.375 326.9689 
2 24 88.625 -0.375 326.9689 87.7809 -0.375 326.6193 
2 24 87.7809 -0.375 326.6193 86.875 -0.375 326.5 
2 24 86.875 -0.375 326.5 85.9691 -0.375 326.6193 
2 24 85.9691 -0.375 326.6193 85.125 -0.375 326.9689 
2 24 85.125 -0.375 326.9689 84.4001 -0.375 327.5251 
2 24 84.4001 -0.375 327.5251 83.8439 -0.375 328.25 
2 24 83.8439 -0.375 328.25 83.4943 -0.375 329.0941 
2 24 83.4943 -0.375 329.0941 83.375 -0.375 330 
2 24 83.375 -0.375 330 83.375 -0.375 330 
2 24 83.375 -0.375 330 83.375 -0.375 330 
2 24 83.375 -0.375 330 83.375 -0.375 330 
2 24 83.375 -0.375 330 83.375 -0.375 330 
2 24 83.375 -0.375 330 83.375 0 330 
2 24 83.375 0 330 83.375 0 330 
2 24 83.375 0 330 83.375 0 330 
2 24 83.375 0 330 83.375 0 330 
2 24 83.375 0 330 83.375 0 330 
2 24 83.375 0 330 83.375 0 330 
2 24 67.125 -0.375 310 67.2443 -0.375 310.9059 
2 24 67.2443 -0.375 310.9059 67.5939 -0.375 311.75 
2 24 67.5939 -0.375 311.75 68.1501 -0.375 312.4749 
2 24 68.1501 -0.375 312.4749 68.875 -0.375 313.0311 
2 24 68.875 -0.375 313.0311 69.7191 -0.375 313.3807 
2 24 69.7191 -0.375 313.3807 70.625 -0.375 313.5 
2 24 70.625 -0.375 313.5 71.5309 -0.375 313.3807 
2 24 71.5309 -0.375 313.3807 72.375 -0.375 313.0311 
2 24 72.375 -0.375 313.0311 73.0999 -0.375 312.4749 
2 24 73.0999 -0.375 312.4749 73.6561 -0.375 311.75 
2 24 73.6561 -0.375 311.75 74.0057 -0.375 310.9059 
2 24 74.0057 -0.375 310.9059 74.125 -0.375 310 
2 24 74.125 -0.375 310 74.0057 -0.375 309.0941 
2 24 74.0057 -0.375 309.0941 73.6561 -0.375 308.25 
2 24 73.6561 -0.375 308.25 73.0999 -0.375 307.5251 
2 24 73.0999 -0.375 307.5251 72.375 -0.375 306.9689 
2 24 72.375 -0.375 306.9689 71.5309 -0.375 306.6193 
2 24 71.5309 -0.375 306.6193 70.625 -0.375 306.5 
2 24 70.625 -0.375 306.5 69.7191 -0.375 306.6193 
2 24 69.7191 -0.375 306.6193 68.875 -0.375 306.9689 
2 24 68.875 -0.375 306.9689 68.1501 -0.375 307.5251 
2 24 68.1501 -0.375 307.5251 67.5939 -0.375 308.25 
2 24 67.5939 -0.375 308.25 67.2443 -0.375 309.0941 
2 24 67.2443 -0.375 309.0941 67.125 -0.375 310 
2 24 67.125 -0.375 310 67.125 -0.375 310 
2 24 67.125 -0.375 310 67.125 -0.375 310 
2 24 67.125 -0.375 310 67.125 -0.375 310 
2 24 67.125 -0.375 310 67.125 -0.375 310 
2 24 67.125 -0.375 310 67.125 0 310 
2 24 67.125 0 310 67.125 0 310 
2 24 67.125 0 310 67.125 0 310 
2 24 67.125 0 310 67.125 0 310 
2 24 67.125 0 310 67.125 0 310 
2 24 67.125 0 310 67.125 0 310 
2 24 99.625 -0.375 310 99.7443 -0.375 310.9059 
2 24 99.7443 -0.375 310.9059 100.0939 -0.375 311.75 
2 24 100.0939 -0.375 311.75 100.6501 -0.375 312.4749 
2 24 100.6501 -0.375 312.4749 101.375 -0.375 313.0311 
2 24 101.375 -0.375 313.0311 102.2191 -0.375 313.3807 
2 24 102.2191 -0.375 313.3807 103.125 -0.375 313.5 
2 24 103.125 -0.375 313.5 104.0309 -0.375 313.3807 
2 24 104.0309 -0.375 313.3807 104.875 -0.375 313.0311 
2 24 104.875 -0.375 313.0311 105.5999 -0.375 312.4749 
2 24 105.5999 -0.375 312.4749 106.1561 -0.375 311.75 
2 24 106.1561 -0.375 311.75 106.5057 -0.375 310.9059 
2 24 106.5057 -0.375 310.9059 106.625 -0.375 310 
2 24 106.625 -0.375 310 106.5057 -0.375 309.0941 
2 24 106.5057 -0.375 309.0941 106.1561 -0.375 308.25 
2 24 106.1561 -0.375 308.25 105.5999 -0.375 307.5251 
2 24 105.5999 -0.375 307.5251 104.875 -0.375 306.9689 
2 24 104.875 -0.375 306.9689 104.0309 -0.375 306.6193 
2 24 104.0309 -0.375 306.6193 103.125 -0.375 306.5 
2 24 103.125 -0.375 306.5 102.2191 -0.375 306.6193 
2 24 102.2191 -0.375 306.6193 101.375 -0.375 306.9689 
2 24 101.375 -0.375 306.9689 100.6501 -0.375 307.5251 
2 24 100.6501 -0.375 307.5251 100.0939 -0.375 308.25 
2 24 100.0939 -0.375 308.25 99.7443 -0.375 309.0941 
2 24 99.7443 -0.375 309.0941 99.625 -0.375 310 
2 24 99.625 -0.375 310 99.625 -0.375 310 
2 24 99.625 -0.375 310 99.625 -0.375 310 
2 24 99.625 -0.375 310 99.625 -0.375 310 
2 24 99.625 -0.375 310 99.625 -0.375 310 
2 24 99.625 -0.375 310 99.625 0 310 
2 24 99.625 0 310 99.625 0 310 
2 24 99.625 0 310 99.625 0 310 
2 24 99.625 0 310 99.625 0 310 
2 24 99.625 0 310 99.625 0 310 
2 24 99.625 0 310 99.625 0 310 
2 24 84.75 -1.75 330 84.75 -1.75 330 
2 24 84.75 -1.75 330 84.75 -1.75 330 
2 24 84.75 -1.75 330 84.3375 -1.3375 330 
2 24 84.3375 -1.3375 330 84.2 -1.2 330 
2 24 84.2 -1.2 330 84.0625 -1.0625 330 
2 24 84.0625 -1.0625 330 83.925 -0.925 330 
2 24 83.925 -0.925 330 83.7875 -0.7875 330 
2 24 83.7875 -0.7875 330 83.375 -0.375 330 
2 24 83.375 -0.375 330 83.375 -0.375 330 
2 24 83.375 -0.375 330 83.375 -0.375 330 
2 24 68.5 -1.75 310 68.5 -1.75 310 
2 24 68.5 -1.75 310 68.5 -1.75 310 
2 24 68.5 -1.75 310 68.0875 -1.3375 310 
2 24 68.0875 -1.3375 310 67.95 -1.2 310 
2 24 67.95 -1.2 310 67.8125 -1.0625 310 
2 24 67.8125 -1.0625 310 67.675 -0.925 310 
2 24 67.675 -0.925 310 67.5375 -0.7875 310 
2 24 67.5375 -0.7875 310 67.125 -0.375 310 
2 24 67.125 -0.375 310 67.125 -0.375 310 
2 24 67.125 -0.375 310 67.125 -0.375 310 
2 24 101 -1.75 310 101 -1.75 310 
2 24 101 -1.75 310 101 -1.75 310 
2 24 101 -1.75 310 100.5875 -1.3375 310 
2 24 100.5875 -1.3375 310 100.45 -1.2 310 
2 24 100.45 -1.2 310 100.3125 -1.0625 310 
2 24 100.3125 -1.0625 310 100.175 -0.925 310 
2 24 100.175 -0.925 310 100.0375 -0.7875 310 
2 24 100.0375 -0.7875 310 99.625 -0.375 310 
2 24 99.625 -0.375 310 99.625 -0.375 310 
2 24 99.625 -0.375 310 99.625 -0.375 310 
0 NOFILE
